Wire,Controllability0,Controllability1,Observability,Prob0,Prob1
U0,2,2,0,0.5,0.5
U1,2,2,0,0.5,0.5
W0,2,3,8,0.75,0.25
W1,2,2,3,0.5,0.5
U2,2,2,0,0.5,0.5
W2,2,2,217,0.5,0.5
W3,2,2,218,0.5,0.5
W4,2,2,214,0.5,0.5
W5,2,2,213,0.5,0.5
U3,2,2,0,0.5,0.5
U4,2,2,0,0.5,0.5
U5,2,2,0,0.5,0.5
U6,2,3,0,0.75,0.25
U7,2,2,0,0.5,0.5
U8,2,2,0,0.5,0.5
U9,2,2,0,0.5,0.5
U10,2,2,0,0.5,0.5
U11,2,2,0,0.5,0.5
W6,3,2,1,0.25,0.75
U12,2,3,0,0.75,0.25
W7,2,2,2,0.5,0.5
W8,4,3,7,0.25,0.75
W9,2,4,1,0.75,0.25
W10,2,3,1,0.75,0.25
U13,2,2,0,0.5,0.5
U14,2,2,0,0.5,0.5
U15,2,2,0,0.5,0.5
U16,2,2,0,0.5,0.5
W11,2,5,226,0.9375,0.0625
W12,2,2,125,0.5,0.5
W13,2,2,19,0.5,0.5
W14,2,2,25,0.5,0.5
W15,2,2,189,0.5,0.5
W16,2,2,195,0.5,0.5
W17,2,2,10,0.5,0.5
W18,2,2,10,0.5,0.5
W19,2,2,9,0.5,0.5
W20,2,2,115,0.5,0.5
W21,2,2,19,0.5,0.5
W22,2,2,25,0.5,0.5
W23,2,2,20,0.5,0.5
W24,2,2,23,0.5,0.5
W25,2,2,220,0.5,0.5
W26,2,2,238,0.5,0.5
W27,2,2,216,0.5,0.5
W28,2,2,237,0.5,0.5
W29,2,2,211,0.5,0.5
W30,2,2,15,0.5,0.5
W31,2,2,18,0.5,0.5
W32,2,2,15,0.5,0.5
W33,2,2,18,0.5,0.5
W34,2,2,48,0.5,0.5
W35,2,2,44,0.5,0.5
W36,2,2,48,0.5,0.5
W37,2,2,44,0.5,0.5
W38,2,2,48,0.5,0.5
W39,2,2,44,0.5,0.5
W40,2,2,48,0.5,0.5
W41,2,2,44,0.5,0.5
W42,2,2,218,0.5,0.5
W43,2,2,214,0.5,0.5
W44,2,2,48,0.5,0.5
W45,2,2,44,0.5,0.5
W46,2,2,48,0.5,0.5
W47,2,2,44,0.5,0.5
W48,2,2,48,0.5,0.5
W49,2,2,44,0.5,0.5
W50,2,2,327,0.5,0.5
W51,2,2,270,0.5,0.5
W52,2,2,225,0.5,0.5
W53,2,3,20,0.75,0.25
W54,2,2,2,0.5,0.5
W55,2,2,184,0.5,0.5
W56,2,2,41,0.5,0.5
W57,2,2,41,0.5,0.5
W58,2,2,48,0.5,0.5
W59,2,2,44,0.5,0.5
W60,2,2,48,0.5,0.5
W61,2,2,44,0.5,0.5
W62,2,2,48,0.5,0.5
W63,2,2,44,0.5,0.5
W64,2,2,48,0.5,0.5
W65,2,2,44,0.5,0.5
W66,2,2,48,0.5,0.5
W67,2,2,44,0.5,0.5
W68,2,2,242,0.5,0.5
W69,2,2,238,0.5,0.5
W70,2,2,242,0.5,0.5
W71,2,2,238,0.5,0.5
W72,2,2,242,0.5,0.5
W73,2,2,238,0.5,0.5
W74,2,2,232,0.5,0.5
W75,2,2,228,0.5,0.5
W76,2,2,327,0.5,0.5
W77,2,2,259,0.5,0.5
W78,2,2,1,0.5,0.5
W79,2,3,7,0.75,0.25
W80,2,2,11,0.5,0.5
W81,2,2,220,0.5,0.5
W82,2,2,216,0.5,0.5
W83,2,2,219,0.5,0.5
W84,2,2,215,0.5,0.5
W85,2,2,219,0.5,0.5
W86,2,2,215,0.5,0.5
W87,2,2,193,0.5,0.5
W88,2,2,192,0.5,0.5
W89,2,2,199,0.5,0.5
W90,2,2,195,0.5,0.5
W91,2,2,199,0.5,0.5
W92,2,2,195,0.5,0.5
W93,2,2,205,0.5,0.5
W94,2,2,41,0.5,0.5
W95,2,2,227,0.5,0.5
W96,2,2,223,0.5,0.5
W97,2,2,226,0.5,0.5
W98,2,2,222,0.5,0.5
W99,2,2,226,0.5,0.5
W100,2,2,222,0.5,0.5
W101,2,2,242,0.5,0.5
W102,2,2,238,0.5,0.5
W103,2,2,266,0.5,0.5
W104,2,2,241,0.5,0.5
W105,2,2,211,0.5,0.5
W106,2,2,242,0.5,0.5
W107,2,2,15,0.5,0.5
W108,2,2,21,0.5,0.5
W109,2,2,27,0.5,0.5
W110,2,2,131,0.5,0.5
W111,2,2,15,0.5,0.5
W112,2,2,21,0.5,0.5
W113,2,2,19,0.5,0.5
W114,2,2,15,0.5,0.5
W115,2,2,202,0.5,0.5
W116,2,2,223,0.5,0.5
W117,2,2,202,0.5,0.5
W118,2,2,222,0.5,0.5
W119,2,2,64,0.5,0.5
W120,2,2,64,0.5,0.5
W121,2,2,58,0.5,0.5
W122,2,2,58,0.5,0.5
W123,2,2,2,0.5,0.5
W124,2,2,109,0.5,0.5
W125,2,2,103,0.5,0.5
W126,2,2,87,0.5,0.5
W127,2,2,107,0.5,0.5
W128,2,2,151,0.5,0.5
W129,2,2,236,0.5,0.5
W130,2,2,270,0.5,0.5
W131,2,2,270,0.5,0.5
W132,2,2,270,0.5,0.5
W133,2,2,47,0.5,0.5
W134,2,2,192,0.5,0.5
W135,2,2,272,0.5,0.5
W136,2,2,266,0.5,0.5
W137,2,2,214,0.5,0.5
W138,2,2,324,0.5,0.5
W139,2,2,313,0.5,0.5
W140,2,2,313,0.5,0.5
W141,2,2,266,0.5,0.5
W142,2,2,323,0.5,0.5
W143,2,2,87,0.5,0.5
W144,2,2,103,0.5,0.5
W145,2,2,145,0.5,0.5
W146,2,2,237,0.5,0.5
W147,2,2,269,0.5,0.5
W148,2,2,269,0.5,0.5
W149,2,2,45,0.5,0.5
W150,2,2,255,0.5,0.5
W151,2,2,198,0.5,0.5
W152,2,2,296,0.5,0.5
W153,2,2,323,0.5,0.5
W154,2,2,323,0.5,0.5
W155,2,2,255,0.5,0.5
W156,2,2,269,0.5,0.5
W157,2,2,269,0.5,0.5
W158,2,2,270,0.5,0.5
W159,2,2,270,0.5,0.5
W160,2,2,260,0.5,0.5
W161,2,2,260,0.5,0.5
W162,2,2,260,0.5,0.5
W163,2,2,260,0.5,0.5
W164,2,2,286,0.5,0.5
W165,2,2,286,0.5,0.5
W166,2,2,285,0.5,0.5
W167,2,2,285,0.5,0.5
W168,2,2,286,0.5,0.5
W169,2,2,286,0.5,0.5
W170,2,2,265,0.5,0.5
W171,2,2,265,0.5,0.5
W172,2,2,266,0.5,0.5
U17,3,4,0,0.75,0.25
U18,2,4,0,0.75,0.25
U19,5,3,0,0.25,0.75
U20,4,3,0,0.25,0.75
U21,3,3,0,0.5,0.5
U22,3,3,0,0.5,0.5
U23,3,3,0,0.5,0.5
W173,2,4,206,0.75,0.25
W174,4,2,206,0.25,0.75
U24,3,3,0,0.5,0.5
U25,3,3,0,0.5,0.5
U26,3,3,0,0.5,0.5
W175,2,6,14,0.875,0.125
W176,2,6,14,0.875,0.125
W177,2,6,14,0.875,0.125
W178,2,6,14,0.875,0.125
W179,2,6,14,0.875,0.125
U27,5,2,0,0.125,0.875
W180,2,6,14,0.875,0.125
W181,2,6,14,0.875,0.125
W182,2,6,14,0.875,0.125
W183,2,6,184,0.875,0.125
W184,2,6,14,0.875,0.125
W185,2,6,14,0.875,0.125
W186,2,6,14,0.875,0.125
W187,2,6,14,0.875,0.125
W188,2,6,14,0.875,0.125
W189,2,6,14,0.875,0.125
W190,2,6,14,0.875,0.125
W191,2,6,14,0.875,0.125
W192,2,6,14,0.875,0.125
W193,2,6,10,0.875,0.125
W194,2,6,10,0.875,0.125
W195,2,6,10,0.875,0.125
W196,2,6,10,0.875,0.125
W197,2,6,10,0.875,0.125
W198,2,6,10,0.875,0.125
W199,2,6,10,0.875,0.125
W200,2,6,10,0.875,0.125
W201,2,6,10,0.875,0.125
W202,2,6,10,0.875,0.125
W203,2,6,10,0.875,0.125
W204,2,6,10,0.875,0.125
W205,2,6,10,0.875,0.125
W206,2,6,10,0.875,0.125
W207,2,6,10,0.875,0.125
W208,2,6,10,0.875,0.125
W209,2,6,10,0.875,0.125
W210,2,6,10,0.875,0.125
W211,2,6,10,0.875,0.125
U28,4,3,0,0.25,0.75
W212,2,5,12,0.875,0.125
W213,3,5,10,0.75,0.25
W214,2,6,10,0.875,0.125
W215,3,5,10,0.75,0.25
W216,3,3,108,0.5,0.5
W217,3,3,102,0.5,0.5
W218,3,3,86,0.5,0.5
W219,3,3,106,0.5,0.5
W220,3,3,150,0.5,0.5
W221,3,3,235,0.5,0.5
W222,3,3,269,0.5,0.5
W223,3,3,269,0.5,0.5
W224,3,3,269,0.5,0.5
W225,3,3,46,0.5,0.5
W226,3,3,191,0.5,0.5
W227,3,3,271,0.5,0.5
W228,3,3,265,0.5,0.5
W229,3,3,213,0.5,0.5
W230,3,3,323,0.5,0.5
W231,3,3,312,0.5,0.5
W232,3,3,312,0.5,0.5
W233,3,3,265,0.5,0.5
W234,3,3,322,0.5,0.5
W235,3,3,8,0.5,0.5
W236,3,3,18,0.5,0.5
W237,3,3,24,0.5,0.5
W238,3,3,9,0.5,0.5
W239,3,3,188,0.5,0.5
W240,3,3,194,0.5,0.5
W241,2,6,15,0.875,0.125
W242,3,3,1,0.5,0.5
W243,3,3,86,0.5,0.5
W244,3,3,102,0.5,0.5
W245,3,3,144,0.5,0.5
W246,3,3,236,0.5,0.5
W247,3,3,268,0.5,0.5
W248,3,3,268,0.5,0.5
W249,3,3,44,0.5,0.5
W250,3,3,254,0.5,0.5
W251,3,3,197,0.5,0.5
W252,3,3,295,0.5,0.5
W253,3,3,322,0.5,0.5
W254,3,3,322,0.5,0.5
W255,3,3,254,0.5,0.5
W256,3,3,8,0.5,0.5
W257,3,3,18,0.5,0.5
W258,3,3,24,0.5,0.5
W259,3,3,9,0.5,0.5
W260,3,3,19,0.5,0.5
W261,3,3,22,0.5,0.5
W262,2,6,15,0.875,0.125
W263,3,3,14,0.5,0.5
W264,3,3,17,0.5,0.5
W265,3,3,14,0.5,0.5
W266,3,3,17,0.5,0.5
W267,3,3,47,0.5,0.5
W268,3,3,43,0.5,0.5
W269,3,3,47,0.5,0.5
W270,3,3,43,0.5,0.5
W271,3,3,47,0.5,0.5
W272,3,3,43,0.5,0.5
W273,3,3,47,0.5,0.5
W274,3,3,43,0.5,0.5
W275,2,6,39,0.875,0.125
W276,2,6,39,0.875,0.125
W277,2,6,39,0.875,0.125
W278,2,6,39,0.875,0.125
W279,3,5,44,0.75,0.25
W280,3,5,44,0.75,0.25
W281,3,5,44,0.75,0.25
W282,3,5,44,0.75,0.25
W283,3,3,217,0.5,0.5
W284,3,3,213,0.5,0.5
W285,3,3,47,0.5,0.5
W286,3,3,43,0.5,0.5
W287,3,3,47,0.5,0.5
W288,3,3,43,0.5,0.5
W289,3,3,47,0.5,0.5
W290,3,3,43,0.5,0.5
W291,2,6,209,0.875,0.125
W292,2,6,39,0.875,0.125
W293,2,6,39,0.875,0.125
W294,2,6,39,0.875,0.125
W295,3,5,214,0.75,0.25
W296,3,5,44,0.75,0.25
W297,3,5,44,0.75,0.25
W298,3,5,44,0.75,0.25
W299,3,3,326,0.5,0.5
W300,3,3,269,0.5,0.5
W301,2,4,335,0.75,0.25
W302,2,4,324,0.75,0.25
W303,2,4,314,0.75,0.25
W304,2,4,314,0.75,0.25
W305,2,4,325,0.75,0.25
W306,2,4,215,0.75,0.25
W307,2,4,267,0.75,0.25
W308,2,4,267,0.75,0.25
W309,2,4,273,0.75,0.25
W310,2,4,193,0.75,0.25
W311,3,3,8,0.5,0.5
W312,3,3,183,0.5,0.5
W313,4,3,19,0.25,0.75
W314,3,3,40,0.5,0.5
W315,3,3,40,0.5,0.5
W316,3,3,47,0.5,0.5
W317,3,3,43,0.5,0.5
W318,3,3,47,0.5,0.5
W319,3,3,43,0.5,0.5
W320,3,5,37,0.75,0.25
W321,2,6,39,0.875,0.125
W322,2,6,39,0.875,0.125
W323,3,5,37,0.75,0.25
W324,3,5,44,0.75,0.25
W325,3,5,44,0.75,0.25
W326,3,3,47,0.5,0.5
W327,3,3,43,0.5,0.5
W328,3,3,47,0.5,0.5
W329,3,3,43,0.5,0.5
W330,3,3,47,0.5,0.5
W331,3,3,43,0.5,0.5
W332,2,6,39,0.875,0.125
W333,5,3,205,0.25,0.75
W334,2,6,39,0.875,0.125
W335,2,6,39,0.875,0.125
W336,3,5,44,0.75,0.25
W337,3,5,44,0.75,0.25
W338,3,5,44,0.75,0.25
W339,3,3,241,0.5,0.5
W340,3,3,237,0.5,0.5
W341,3,3,241,0.5,0.5
W342,3,3,237,0.5,0.5
W343,3,3,241,0.5,0.5
W344,3,3,237,0.5,0.5
W345,3,3,231,0.5,0.5
W346,3,3,227,0.5,0.5
W347,2,6,233,0.875,0.125
W348,2,6,233,0.875,0.125
W349,2,6,233,0.875,0.125
W350,2,6,223,0.875,0.125
W351,3,5,238,0.75,0.25
W352,3,5,238,0.75,0.25
W353,3,5,238,0.75,0.25
W354,3,5,228,0.75,0.25
W355,3,3,326,0.5,0.5
W356,3,3,258,0.5,0.5
W357,2,4,332,0.75,0.25
W358,2,4,320,0.75,0.25
W359,2,4,324,0.75,0.25
W360,2,4,324,0.75,0.25
W361,2,4,297,0.75,0.25
W362,2,4,199,0.75,0.25
W363,2,4,256,0.75,0.25
W364,2,4,256,0.75,0.25
W365,2,4,259,0.75,0.25
W366,2,4,174,0.75,0.25
W367,3,3,10,0.5,0.5
W368,2,4,8,0.75,0.25
W369,2,4,8,0.75,0.25
W370,2,4,8,0.75,0.25
W371,2,4,8,0.75,0.25
W372,3,3,219,0.5,0.5
W373,3,3,215,0.5,0.5
W374,3,3,218,0.5,0.5
W375,3,3,214,0.5,0.5
W376,3,3,218,0.5,0.5
W377,3,3,214,0.5,0.5
W378,2,6,211,0.875,0.125
W379,2,4,209,0.75,0.25
W380,2,6,210,0.875,0.125
W381,2,6,210,0.875,0.125
W382,3,5,216,0.75,0.25
W383,4,2,209,0.25,0.75
W384,3,5,215,0.75,0.25
W385,3,5,215,0.75,0.25
W386,3,3,192,0.5,0.5
W387,3,3,191,0.5,0.5
W388,3,3,198,0.5,0.5
W389,3,3,194,0.5,0.5
W390,3,3,198,0.5,0.5
W391,3,3,194,0.5,0.5
W392,3,5,188,0.75,0.25
W393,2,6,190,0.875,0.125
W394,2,6,190,0.875,0.125
W395,3,5,189,0.75,0.25
W396,3,5,195,0.75,0.25
W397,3,5,195,0.75,0.25
W398,3,3,204,0.5,0.5
W399,3,3,228,0.5,0.5
W400,3,3,224,0.5,0.5
W401,3,3,40,0.5,0.5
W402,3,3,48,0.5,0.5
W403,3,3,44,0.5,0.5
W404,3,5,201,0.75,0.25
W405,3,5,37,0.75,0.25
W406,3,3,226,0.5,0.5
W407,3,3,222,0.5,0.5
W408,3,3,225,0.5,0.5
W409,3,3,221,0.5,0.5
W410,3,3,225,0.5,0.5
W411,3,3,221,0.5,0.5
W412,3,3,241,0.5,0.5
W413,3,3,237,0.5,0.5
W414,2,6,218,0.875,0.125
W415,2,6,217,0.875,0.125
W416,2,6,217,0.875,0.125
W417,2,6,233,0.875,0.125
W418,3,5,223,0.75,0.25
W419,3,5,222,0.75,0.25
W420,3,5,222,0.75,0.25
W421,3,5,238,0.75,0.25
W422,3,3,268,0.5,0.5
W423,3,3,268,0.5,0.5
W424,3,3,269,0.5,0.5
W425,3,3,269,0.5,0.5
W426,3,3,265,0.5,0.5
W427,3,3,265,0.5,0.5
W428,3,3,14,0.5,0.5
W429,3,3,20,0.5,0.5
W430,3,3,49,0.5,0.5
W431,3,3,130,0.5,0.5
W432,2,4,25,0.75,0.25
W433,2,4,25,0.75,0.25
W434,2,4,20,0.75,0.25
W435,2,4,25,0.75,0.25
W436,3,3,14,0.5,0.5
W437,3,3,20,0.5,0.5
W438,3,3,201,0.5,0.5
W439,3,3,222,0.5,0.5
W440,3,3,201,0.5,0.5
W441,3,3,221,0.5,0.5
W442,3,3,285,0.5,0.5
W443,3,3,285,0.5,0.5
W444,3,3,284,0.5,0.5
W445,3,3,284,0.5,0.5
W446,3,3,285,0.5,0.5
W447,3,3,285,0.5,0.5
W448,3,3,31,0.5,0.5
W449,3,3,63,0.5,0.5
W450,3,3,31,0.5,0.5
W451,3,3,57,0.5,0.5
W452,3,3,1,0.5,0.5
W453,3,3,259,0.5,0.5
W454,3,3,259,0.5,0.5
W455,3,3,259,0.5,0.5
W456,3,3,259,0.5,0.5
W457,3,3,264,0.5,0.5
W458,3,3,264,0.5,0.5
W459,3,3,266,0.5,0.5
W460,3,3,265,0.5,0.5
U29,4,4,0,0.5,0.5
U30,4,4,0,0.5,0.5
U31,4,4,0,0.5,0.5
U32,4,4,0,0.5,0.5
W461,2,7,39,0.875,0.125
W462,2,7,39,0.875,0.125
W463,2,7,39,0.875,0.125
W464,2,7,39,0.875,0.125
W465,3,6,44,0.75,0.25
W466,3,6,44,0.75,0.25
W467,3,6,44,0.75,0.25
W468,3,6,44,0.75,0.25
W469,2,7,209,0.875,0.125
W470,2,7,39,0.875,0.125
W471,2,7,39,0.875,0.125
W472,2,7,39,0.875,0.125
W473,3,6,214,0.75,0.25
W474,3,6,44,0.75,0.25
W475,3,6,44,0.75,0.25
W476,3,6,44,0.75,0.25
W477,3,6,37,0.75,0.25
W478,2,7,39,0.875,0.125
W479,2,7,39,0.875,0.125
W480,3,6,37,0.75,0.25
W481,3,6,44,0.75,0.25
W482,3,6,44,0.75,0.25
W483,2,7,39,0.875,0.125
W484,2,7,39,0.875,0.125
W485,2,7,39,0.875,0.125
W486,3,6,44,0.75,0.25
W487,3,6,44,0.75,0.25
W488,3,6,44,0.75,0.25
W489,5,6,202,0.4375,0.5625
W490,2,7,233,0.875,0.125
W491,2,7,233,0.875,0.125
W492,2,7,233,0.875,0.125
W493,2,7,223,0.875,0.125
W494,3,6,238,0.75,0.25
W495,3,6,238,0.75,0.25
W496,3,6,238,0.75,0.25
W497,3,6,228,0.75,0.25
W498,2,7,211,0.875,0.125
W499,5,3,208,0.25,0.75
W500,2,7,210,0.875,0.125
W501,2,7,210,0.875,0.125
W502,3,6,216,0.75,0.25
W503,3,6,215,0.75,0.25
W504,3,6,215,0.75,0.25
W505,3,6,188,0.75,0.25
W506,2,7,190,0.875,0.125
W507,2,7,190,0.875,0.125
W508,3,6,189,0.75,0.25
W509,3,6,195,0.75,0.25
W510,3,6,195,0.75,0.25
W511,3,6,201,0.75,0.25
W512,3,6,37,0.75,0.25
W513,2,7,218,0.875,0.125
W514,2,7,217,0.875,0.125
W515,2,7,217,0.875,0.125
W516,2,7,233,0.875,0.125
W517,3,6,223,0.75,0.25
W518,3,6,222,0.75,0.25
W519,3,6,222,0.75,0.25
W520,3,6,238,0.75,0.25
W521,6,3,265,0.25,0.75
W522,6,3,265,0.25,0.75
W523,6,3,266,0.25,0.75
W524,6,3,266,0.25,0.75
W525,6,3,282,0.25,0.75
W526,6,3,282,0.25,0.75
W527,6,3,281,0.25,0.75
W528,6,3,281,0.25,0.75
W529,6,3,282,0.25,0.75
W530,6,3,282,0.25,0.75
U33,4,4,0,0.5,0.5
W531,6,3,256,0.25,0.75
W532,6,3,256,0.25,0.75
W533,6,3,256,0.25,0.75
W534,6,3,256,0.25,0.75
W535,6,3,261,0.25,0.75
W536,6,3,261,0.25,0.75
U34,4,4,0,0.5,0.5
W537,4,7,12,0.625,0.375
W538,3,6,13,0.625,0.375
W539,2,7,14,0.875,0.125
W540,2,7,14,0.875,0.125
W541,2,7,14,0.875,0.125
W542,2,7,14,0.875,0.125
W543,2,7,14,0.875,0.125
W544,2,7,14,0.875,0.125
W545,2,7,14,0.875,0.125
W546,2,7,14,0.875,0.125
W547,2,7,184,0.875,0.125
W548,4,7,12,0.625,0.375
W549,3,6,13,0.625,0.375
W550,2,7,14,0.875,0.125
W551,2,7,14,0.875,0.125
W552,2,7,14,0.875,0.125
W553,2,7,14,0.875,0.125
W554,2,7,14,0.875,0.125
W555,2,7,14,0.875,0.125
W556,2,7,14,0.875,0.125
W557,2,7,14,0.875,0.125
W558,2,7,14,0.875,0.125
W559,4,7,12,0.625,0.375
W560,3,6,13,0.625,0.375
W561,2,7,10,0.875,0.125
W562,4,7,12,0.625,0.375
W563,3,6,13,0.625,0.375
W564,2,7,10,0.875,0.125
W565,2,7,10,0.875,0.125
W566,2,7,10,0.875,0.125
W567,2,7,10,0.875,0.125
W568,2,7,10,0.875,0.125
W569,2,7,10,0.875,0.125
W570,2,7,10,0.875,0.125
W571,2,7,10,0.875,0.125
W572,2,7,10,0.875,0.125
W573,2,7,10,0.875,0.125
W574,2,7,10,0.875,0.125
W575,2,7,10,0.875,0.125
W576,2,7,10,0.875,0.125
W577,2,7,10,0.875,0.125
W578,2,7,10,0.875,0.125
W579,2,7,10,0.875,0.125
W580,2,7,10,0.875,0.125
W581,2,7,10,0.875,0.125
W582,2,7,11,0.875,0.125
W583,2,7,10,0.875,0.125
W584,2,7,11,0.875,0.125
W585,2,7,15,0.875,0.125
W586,2,7,15,0.875,0.125
W587,5,7,36,0.765625,0.234375
W588,5,7,36,0.765625,0.234375
W589,5,7,36,0.765625,0.234375
W590,5,7,36,0.765625,0.234375
W591,8,2,39,0.28125,0.71875
W592,8,2,39,0.28125,0.71875
W593,8,2,39,0.28125,0.71875
W594,8,2,39,0.28125,0.71875
W595,5,7,206,0.765625,0.234375
W596,5,7,36,0.765625,0.234375
W597,5,7,36,0.765625,0.234375
W598,5,7,36,0.765625,0.234375
W599,8,2,209,0.28125,0.71875
W600,8,2,39,0.28125,0.71875
W601,8,2,39,0.28125,0.71875
W602,8,2,39,0.28125,0.71875
W603,2,5,335,0.75,0.25
W604,2,5,324,0.75,0.25
W605,2,5,314,0.75,0.25
W606,2,5,314,0.75,0.25
W607,2,5,325,0.75,0.25
W608,2,5,215,0.75,0.25
W609,2,5,267,0.75,0.25
W610,2,5,267,0.75,0.25
W611,2,5,273,0.75,0.25
W612,2,5,193,0.75,0.25
W613,4,5,18,0.75,0.25
W614,7,6,33,0.5625,0.4375
W615,5,7,36,0.765625,0.234375
W616,5,7,36,0.765625,0.234375
W617,8,2,39,0.28125,0.71875
W618,8,2,39,0.28125,0.71875
W619,7,6,33,0.5625,0.4375
W620,5,7,36,0.765625,0.234375
W621,5,7,36,0.765625,0.234375
W622,5,7,36,0.765625,0.234375
W623,8,2,39,0.28125,0.71875
W624,8,2,39,0.28125,0.71875
W625,8,2,39,0.28125,0.71875
W626,5,7,230,0.765625,0.234375
W627,5,7,230,0.765625,0.234375
W628,5,7,230,0.765625,0.234375
W629,5,7,220,0.765625,0.234375
W630,8,2,233,0.28125,0.71875
W631,8,2,233,0.28125,0.71875
W632,8,2,233,0.28125,0.71875
W633,8,2,223,0.28125,0.71875
W634,2,5,332,0.75,0.25
W635,2,5,320,0.75,0.25
W636,2,5,324,0.75,0.25
W637,2,5,324,0.75,0.25
W638,2,5,199,0.75,0.25
W639,2,5,256,0.75,0.25
W640,2,5,256,0.75,0.25
W641,2,5,259,0.75,0.25
W642,2,5,174,0.75,0.25
W643,6,4,293,0.375,0.625
W644,2,5,8,0.75,0.25
W645,2,5,8,0.75,0.25
W646,2,5,8,0.75,0.25
W647,2,5,8,0.75,0.25
W648,5,7,208,0.765625,0.234375
W649,5,7,207,0.765625,0.234375
W650,5,7,207,0.765625,0.234375
W651,8,2,211,0.28125,0.71875
W652,8,2,210,0.28125,0.71875
W653,8,2,210,0.28125,0.71875
W654,7,6,184,0.5625,0.4375
W655,5,7,187,0.765625,0.234375
W656,5,7,187,0.765625,0.234375
W657,8,2,190,0.28125,0.71875
W658,8,2,190,0.28125,0.71875
W659,4,4,227,0.5,0.5
W660,4,4,223,0.5,0.5
W661,4,4,47,0.5,0.5
W662,4,4,43,0.5,0.5
W663,7,6,197,0.5625,0.4375
W664,2,7,219,0.875,0.125
W665,7,6,33,0.5625,0.4375
W666,2,7,39,0.875,0.125
W667,3,6,224,0.75,0.25
W668,3,6,44,0.75,0.25
W669,5,7,215,0.765625,0.234375
W670,5,7,214,0.765625,0.234375
W671,5,7,214,0.765625,0.234375
W672,5,7,230,0.765625,0.234375
W673,8,2,218,0.28125,0.71875
W674,8,2,217,0.28125,0.71875
W675,8,2,217,0.28125,0.71875
W676,8,2,233,0.28125,0.71875
W677,7,7,261,0.5625,0.4375
W678,7,7,262,0.5625,0.4375
W679,4,4,264,0.5,0.5
W680,4,4,264,0.5,0.5
W681,2,7,27,0.875,0.125
W682,2,7,27,0.875,0.125
W683,2,7,27,0.875,0.125
W684,2,7,197,0.875,0.125
W685,2,7,27,0.875,0.125
W686,2,7,27,0.875,0.125
W687,2,7,27,0.875,0.125
W688,2,7,197,0.875,0.125
W689,7,7,278,0.5625,0.4375
W690,7,7,277,0.5625,0.4375
W691,7,7,278,0.5625,0.4375
W692,2,7,27,0.875,0.125
W693,2,7,27,0.875,0.125
W694,2,7,27,0.875,0.125
W695,2,7,27,0.875,0.125
W696,2,7,27,0.875,0.125
W697,2,7,27,0.875,0.125
W698,2,7,27,0.875,0.125
W699,2,7,27,0.875,0.125
W700,2,7,27,0.875,0.125
W701,2,7,27,0.875,0.125
W702,7,7,252,0.5625,0.4375
W703,7,7,252,0.5625,0.4375
W704,5,6,205,0.4375,0.5625
W705,7,6,185,0.5625,0.4375
W706,4,4,265,0.5,0.5
W707,7,4,261,0.25,0.75
W708,7,7,257,0.5625,0.4375
W709,7,6,77,0.5625,0.4375
W710,5,5,5,0.5625,0.4375
W711,5,5,5,0.5625,0.4375
W712,5,5,5,0.5625,0.4375
W713,5,5,5,0.5625,0.4375
W714,8,6,35,0.234375,0.765625
W715,8,6,35,0.234375,0.765625
W716,8,6,35,0.234375,0.765625
W717,8,6,35,0.234375,0.765625
W718,8,6,205,0.234375,0.765625
W719,8,6,35,0.234375,0.765625
W720,8,6,35,0.234375,0.765625
W721,8,6,35,0.234375,0.765625
W722,5,5,321,0.5625,0.4375
W723,5,5,311,0.5625,0.4375
W724,5,5,311,0.5625,0.4375
W725,5,5,322,0.5625,0.4375
W726,5,5,212,0.5625,0.4375
W727,5,5,264,0.5625,0.4375
W728,5,5,264,0.5625,0.4375
W729,5,5,270,0.5625,0.4375
W730,5,5,190,0.5625,0.4375
W731,8,6,35,0.234375,0.765625
W732,8,6,35,0.234375,0.765625
W733,7,8,32,0.4375,0.5625
W734,8,6,35,0.234375,0.765625
W735,8,6,35,0.234375,0.765625
W736,8,6,35,0.234375,0.765625
W737,8,6,229,0.234375,0.765625
W738,8,6,229,0.234375,0.765625
W739,8,6,229,0.234375,0.765625
W740,8,6,219,0.234375,0.765625
W741,5,5,317,0.5625,0.4375
W742,5,5,321,0.5625,0.4375
W743,5,5,321,0.5625,0.4375
W744,5,5,196,0.5625,0.4375
W745,5,5,253,0.5625,0.4375
W746,5,5,253,0.5625,0.4375
W747,5,5,256,0.5625,0.4375
W748,5,5,171,0.5625,0.4375
W749,8,6,207,0.234375,0.765625
W750,8,6,206,0.234375,0.765625
W751,8,6,206,0.234375,0.765625
W752,8,6,186,0.234375,0.765625
W753,8,6,186,0.234375,0.765625
W754,2,8,219,0.875,0.125
W755,2,8,39,0.875,0.125
W756,3,7,224,0.75,0.25
W757,3,7,44,0.75,0.25
W758,7,8,196,0.4375,0.5625
W759,7,8,32,0.4375,0.5625
W760,8,6,214,0.234375,0.765625
W761,8,6,213,0.234375,0.765625
W762,8,6,213,0.234375,0.765625
W763,8,6,229,0.234375,0.765625
W764,4,13,195,0.859375,0.140625
W765,5,5,329,0.5625,0.4375
W766,5,5,332,0.5625,0.4375
W767,7,8,183,0.4375,0.5625
W768,7,3,262,0.25,0.75
W769,7,8,75,0.4375,0.5625
W770,3,9,1,0.890625,0.109375
W771,2,10,14,0.9375,0.0625
W772,2,9,14,0.9375,0.0625
W773,2,10,14,0.9375,0.0625
W774,2,9,14,0.9375,0.0625
W775,3,9,1,0.890625,0.109375
W776,2,10,14,0.9375,0.0625
W777,2,9,14,0.9375,0.0625
W778,2,10,14,0.9375,0.0625
W779,2,9,14,0.9375,0.0625
W780,3,9,1,0.890625,0.109375
W781,3,9,1,0.890625,0.109375
W782,2,6,103,0.6875,0.3125
W783,2,6,259,0.6875,0.3125
W784,9,9,32,0.44970703125,0.55029296875
W785,9,9,32,0.44970703125,0.55029296875
W786,9,9,32,0.44970703125,0.55029296875
W787,9,9,32,0.44970703125,0.55029296875
W788,9,9,202,0.44970703125,0.55029296875
W789,9,9,32,0.44970703125,0.55029296875
W790,9,9,32,0.44970703125,0.55029296875
W791,9,9,32,0.44970703125,0.55029296875
W792,9,9,32,0.44970703125,0.55029296875
W793,9,9,32,0.44970703125,0.55029296875
W794,7,8,32,0.4375,0.5625
W795,9,9,32,0.44970703125,0.55029296875
W796,9,9,32,0.44970703125,0.55029296875
W797,9,9,32,0.44970703125,0.55029296875
W798,5,8,216,0.765625,0.234375
W799,5,8,36,0.765625,0.234375
W800,8,2,219,0.28125,0.71875
W801,8,2,39,0.28125,0.71875
W802,8,8,260,0.4375,0.5625
W803,8,8,261,0.4375,0.5625
W804,4,18,249,0.904296875,0.095703125
W805,4,15,25,0.859375,0.140625
W806,9,9,216,0.44970703125,0.55029296875
W807,7,6,204,0.5625,0.4375
W808,8,8,277,0.4375,0.5625
W809,8,8,276,0.4375,0.5625
W810,8,8,277,0.4375,0.5625
W811,8,8,277,0.4375,0.5625
W812,5,7,233,0.625,0.375
W813,5,7,292,0.625,0.375
W814,5,7,330,0.625,0.375
W815,8,8,251,0.4375,0.5625
W816,8,8,251,0.4375,0.5625
W817,9,9,226,0.44970703125,0.55029296875
W818,9,9,226,0.44970703125,0.55029296875
W819,9,9,226,0.44970703125,0.55029296875
W820,9,9,226,0.44970703125,0.55029296875
W821,9,9,210,0.44970703125,0.55029296875
W822,9,9,210,0.44970703125,0.55029296875
W823,9,9,211,0.44970703125,0.55029296875
W824,9,9,203,0.44970703125,0.55029296875
W825,9,9,203,0.44970703125,0.55029296875
W826,9,9,204,0.44970703125,0.55029296875
W827,9,9,183,0.44970703125,0.55029296875
W828,9,9,183,0.44970703125,0.55029296875
W829,7,8,184,0.4375,0.5625
W830,8,8,257,0.5625,0.4375
W831,8,8,256,0.4375,0.5625
W832,2,7,21,0.78125,0.21875
W833,9,8,75,0.5625,0.4375
W834,9,8,75,0.5625,0.4375
W835,2,7,21,0.78125,0.21875
U35,10,4,0,0.109375,0.890625
W836,12,7,4,0.34332275390625,0.65667724609375
W837,12,7,4,0.34332275390625,0.65667724609375
U36,10,4,0,0.109375,0.890625
W838,12,7,4,0.34332275390625,0.65667724609375
W839,12,7,4,0.34332275390625,0.65667724609375
U37,10,4,0,0.109375,0.890625
U38,10,4,0,0.109375,0.890625
W840,2,7,101,0.78125,0.21875
W841,2,7,112,0.78125,0.21875
W842,2,7,109,0.78125,0.21875
W843,2,7,92,0.78125,0.21875
W844,2,7,103,0.78125,0.21875
W845,2,7,234,0.78125,0.21875
W846,2,7,245,0.78125,0.21875
W847,2,7,256,0.78125,0.21875
W848,2,7,244,0.78125,0.21875
W849,2,7,249,0.78125,0.21875
W850,2,7,260,0.78125,0.21875
W851,2,7,155,0.78125,0.21875
W852,2,7,285,0.78125,0.21875
W853,2,7,283,0.78125,0.21875
W854,2,7,294,0.78125,0.21875
W855,2,7,305,0.78125,0.21875
W856,6,6,102,0.4375,0.5625
W857,6,6,95,0.4375,0.5625
W858,6,6,102,0.4375,0.5625
W859,2,7,100,0.78125,0.21875
W860,2,7,111,0.78125,0.21875
W861,2,7,92,0.78125,0.21875
W862,2,7,238,0.78125,0.21875
W863,2,7,249,0.78125,0.21875
W864,6,6,262,0.4375,0.5625
W865,6,6,256,0.4375,0.5625
W866,6,6,170,0.4375,0.5625
W867,6,6,255,0.4375,0.5625
W868,6,6,233,0.4375,0.5625
W869,2,7,238,0.78125,0.21875
W870,2,7,249,0.78125,0.21875
W871,2,7,147,0.78125,0.21875
W872,2,7,298,0.78125,0.21875
W873,2,7,309,0.78125,0.21875
W874,6,6,316,0.4375,0.5625
W875,6,6,266,0.4375,0.5625
W876,6,6,106,0.4375,0.5625
W877,9,6,215,0.234375,0.765625
W878,9,6,35,0.234375,0.765625
W879,6,6,328,0.4375,0.5625
W880,6,6,331,0.4375,0.5625
W881,10,10,215,0.55029296875,0.44970703125
W882,9,8,195,0.5625,0.4375
W883,4,15,25,0.859375,0.140625
W884,6,6,106,0.4375,0.5625
W885,6,6,100,0.4375,0.5625
W886,6,6,84,0.4375,0.5625
W887,6,6,104,0.4375,0.5625
W888,6,6,148,0.4375,0.5625
W889,6,6,233,0.4375,0.5625
W890,6,6,267,0.4375,0.5625
W891,6,6,267,0.4375,0.5625
W892,6,6,267,0.4375,0.5625
W893,2,7,70,0.71875,0.28125
W894,6,6,189,0.4375,0.5625
W895,6,6,269,0.4375,0.5625
W896,6,6,263,0.4375,0.5625
W897,6,6,211,0.4375,0.5625
W898,6,6,321,0.4375,0.5625
W899,6,6,310,0.4375,0.5625
W900,6,6,310,0.4375,0.5625
W901,6,6,263,0.4375,0.5625
W902,6,6,320,0.4375,0.5625
W903,2,7,231,0.71875,0.28125
W904,2,7,274,0.71875,0.28125
W905,6,6,84,0.4375,0.5625
W906,6,6,100,0.4375,0.5625
W907,6,6,142,0.4375,0.5625
W908,6,6,266,0.4375,0.5625
W909,6,6,266,0.4375,0.5625
W910,2,7,70,0.71875,0.28125
W911,6,6,252,0.4375,0.5625
W912,6,6,195,0.4375,0.5625
W913,6,6,320,0.4375,0.5625
W914,6,6,320,0.4375,0.5625
W915,6,6,252,0.4375,0.5625
W916,2,7,220,0.71875,0.28125
W917,6,6,330,0.4375,0.5625
W918,6,6,330,0.4375,0.5625
W919,6,6,329,0.4375,0.5625
W920,6,6,332,0.4375,0.5625
W921,6,6,295,0.4375,0.5625
W922,6,6,295,0.4375,0.5625
W923,6,6,295,0.4375,0.5625
W924,6,6,295,0.4375,0.5625
W925,6,6,332,0.4375,0.5625
W926,6,6,332,0.4375,0.5625
W927,6,6,332,0.4375,0.5625
W928,6,6,332,0.4375,0.5625
W929,6,6,332,0.4375,0.5625
W930,6,6,296,0.4375,0.5625
W931,6,6,296,0.4375,0.5625
W932,6,6,296,0.4375,0.5625
W933,6,6,296,0.4375,0.5625
W934,16,8,243,0.24609375,0.75390625
W935,16,8,243,0.24609375,0.75390625
W936,9,8,182,0.5625,0.4375
W937,17,8,175,0.31640625,0.68359375
W938,10,10,73,0.55029296875,0.44970703125
W939,10,10,73,0.55029296875,0.44970703125
W940,10,10,73,0.55029296875,0.44970703125
W941,10,10,73,0.55029296875,0.44970703125
W942,10,10,73,0.55029296875,0.44970703125
W943,10,10,83,0.55029296875,0.44970703125
W944,10,10,83,0.55029296875,0.44970703125
W945,10,10,83,0.55029296875,0.44970703125
W946,10,10,83,0.55029296875,0.44970703125
W947,10,10,83,0.55029296875,0.44970703125
W948,10,10,83,0.55029296875,0.44970703125
W949,10,10,83,0.55029296875,0.44970703125
W950,10,10,83,0.55029296875,0.44970703125
U39,4,11,0,0.671661376953125,0.328338623046875
U40,4,11,0,0.671661376953125,0.328338623046875
U41,4,11,0,0.671661376953125,0.328338623046875
U42,4,11,0,0.671661376953125,0.328338623046875
W951,3,13,11,0.859375,0.140625
W952,8,6,232,0.375,0.625
W953,11,4,228,0.1875,0.8125
W954,11,4,287,0.1875,0.8125
W955,8,6,291,0.375,0.625
W956,9,9,212,0.44970703125,0.55029296875
W957,9,9,32,0.44970703125,0.55029296875
W958,8,6,329,0.375,0.625
W959,5,20,248,0.876953125,0.123046875
W960,5,20,248,0.876953125,0.123046875
W961,4,20,249,0.841796875,0.158203125
W962,4,16,25,0.8624267578125,0.1375732421875
W963,4,16,25,0.8624267578125,0.1375732421875
W964,4,16,25,0.8624267578125,0.1375732421875
W965,4,16,195,0.8624267578125,0.1375732421875
W966,4,16,25,0.8624267578125,0.1375732421875
W967,4,16,25,0.8624267578125,0.1375732421875
W968,10,10,225,0.55029296875,0.44970703125
W969,10,10,225,0.55029296875,0.44970703125
W970,10,10,225,0.55029296875,0.44970703125
W971,10,10,225,0.55029296875,0.44970703125
W972,10,10,202,0.55029296875,0.44970703125
W973,10,10,202,0.55029296875,0.44970703125
W974,10,10,203,0.55029296875,0.44970703125
W975,16,8,194,0.240753173828125,0.759246826171875
W976,9,9,276,0.5625,0.4375
W977,9,9,276,0.5625,0.4375
W978,8,23,260,0.892333984375,0.107666015625
W979,9,25,259,0.822021484375,0.177978515625
W980,4,16,25,0.8624267578125,0.1375732421875
W981,4,16,25,0.8624267578125,0.1375732421875
W982,4,16,25,0.8624267578125,0.1375732421875
W983,4,16,25,0.8624267578125,0.1375732421875
W984,4,16,25,0.8624267578125,0.1375732421875
W985,4,16,25,0.8624267578125,0.1375732421875
W986,4,16,25,0.8624267578125,0.1375732421875
W987,4,15,25,0.859375,0.140625
W988,17,17,234,0.5683746337890625,0.4316253662109375
W989,10,10,209,0.55029296875,0.44970703125
W990,10,10,209,0.55029296875,0.44970703125
W991,10,10,210,0.55029296875,0.44970703125
W992,10,10,182,0.55029296875,0.44970703125
W993,10,10,182,0.55029296875,0.44970703125
W994,15,8,175,0.19140625,0.80859375
W995,9,9,256,0.4375,0.5625
W996,17,9,247,0.24609375,0.75390625
W997,8,37,46,0.9502308825030923,0.04976911749690771
W998,8,37,46,0.9602106274178368,0.039789372582163196
W999,11,41,52,0.9591004328703434,0.04089956712965659
W1000,11,41,52,0.9591004328703434,0.04089956712965659
W1001,7,13,21,0.68359375,0.31640625
W1002,3,20,25,0.9307861328125,0.0692138671875
W1003,7,13,21,0.68359375,0.31640625
W1004,3,20,25,0.9307861328125,0.0692138671875
W1005,7,7,105,0.5625,0.4375
W1006,10,4,101,0.28125,0.71875
W1007,7,7,99,0.5625,0.4375
W1008,10,4,95,0.28125,0.71875
W1009,7,7,83,0.5625,0.4375
W1010,10,4,79,0.28125,0.71875
W1011,7,7,103,0.5625,0.4375
W1012,10,4,99,0.28125,0.71875
W1013,7,7,147,0.5625,0.4375
W1014,10,4,143,0.28125,0.71875
W1015,7,7,232,0.5625,0.4375
W1016,10,4,228,0.28125,0.71875
W1017,7,7,266,0.5625,0.4375
W1018,10,4,262,0.28125,0.71875
W1019,7,7,266,0.5625,0.4375
W1020,10,4,262,0.28125,0.71875
W1021,7,7,266,0.5625,0.4375
W1022,10,4,262,0.28125,0.71875
W1023,8,3,69,0.28125,0.71875
W1024,10,4,184,0.28125,0.71875
W1025,7,7,188,0.5625,0.4375
W1026,10,4,264,0.28125,0.71875
W1027,7,7,268,0.5625,0.4375
W1028,10,4,258,0.28125,0.71875
W1029,7,7,262,0.5625,0.4375
W1030,10,4,206,0.28125,0.71875
W1031,7,7,210,0.5625,0.4375
W1032,10,4,316,0.28125,0.71875
W1033,7,7,320,0.5625,0.4375
W1034,10,4,305,0.28125,0.71875
W1035,7,7,309,0.5625,0.4375
W1036,10,4,305,0.28125,0.71875
W1037,7,7,309,0.5625,0.4375
W1038,10,4,258,0.28125,0.71875
W1039,7,7,262,0.5625,0.4375
W1040,10,4,315,0.28125,0.71875
W1041,7,7,319,0.5625,0.4375
W1042,7,7,83,0.5625,0.4375
W1043,10,4,79,0.28125,0.71875
W1044,7,7,99,0.5625,0.4375
W1045,10,4,95,0.28125,0.71875
W1046,7,7,141,0.5625,0.4375
W1047,10,4,137,0.28125,0.71875
W1048,9,3,229,0.3125,0.6875
W1049,7,7,265,0.5625,0.4375
W1050,10,4,261,0.28125,0.71875
W1051,7,7,265,0.5625,0.4375
W1052,10,4,261,0.28125,0.71875
W1053,3,14,90,0.876953125,0.123046875
W1054,3,14,105,0.876953125,0.123046875
W1055,2,8,61,0.71875,0.28125
W1056,8,3,69,0.28125,0.71875
W1057,10,4,247,0.28125,0.71875
W1058,7,7,251,0.5625,0.4375
W1059,10,4,190,0.28125,0.71875
W1060,7,7,194,0.5625,0.4375
W1061,9,3,288,0.3125,0.6875
W1062,10,4,315,0.28125,0.71875
W1063,7,7,319,0.5625,0.4375
W1064,10,4,315,0.28125,0.71875
W1065,7,7,319,0.5625,0.4375
W1066,10,4,247,0.28125,0.71875
W1067,7,7,251,0.5625,0.4375
W1068,3,14,236,0.876953125,0.123046875
W1069,3,14,240,0.876953125,0.123046875
W1070,7,7,329,0.5625,0.4375
W1071,7,7,329,0.5625,0.4375
W1072,13,7,321,0.31640625,0.68359375
W1073,7,7,328,0.5625,0.4375
W1074,7,7,331,0.5625,0.4375
W1075,13,7,322,0.3515625,0.6484375
W1076,7,7,331,0.5625,0.4375
W1077,7,7,331,0.5625,0.4375
W1078,7,7,331,0.5625,0.4375
W1079,7,7,331,0.5625,0.4375
W1080,13,7,324,0.31640625,0.68359375
W1081,7,7,331,0.5625,0.4375
W1082,19,10,243,0.20697402954101562,0.7930259704589844
W1083,21,10,243,0.2617835998535156,0.7382164001464844
W1084,11,11,214,0.44970703125,0.55029296875
W1085,20,10,215,0.24747061729431152,0.7525293827056885
W1086,20,10,215,0.24747061729431152,0.7525293827056885
W1087,20,10,215,0.24747061729431152,0.7525293827056885
W1088,20,10,215,0.24747061729431152,0.7525293827056885
W1089,9,10,194,0.4375,0.5625
W1090,20,10,192,0.24747061729431152,0.7525293827056885
W1091,20,10,192,0.24747061729431152,0.7525293827056885
W1092,17,6,196,0.252960205078125,0.747039794921875
W1093,8,25,260,0.892333984375,0.107666015625
W1094,8,25,260,0.892333984375,0.107666015625
W1095,4,16,25,0.8624267578125,0.1375732421875
W1096,7,7,105,0.5625,0.4375
W1097,8,3,90,0.21875,0.78125
W1098,8,3,230,0.28125,0.71875
W1099,8,3,253,0.21875,0.78125
W1100,8,3,273,0.28125,0.71875
W1101,8,3,286,0.21875,0.78125
W1102,7,7,41,0.5625,0.4375
W1103,7,7,72,0.5625,0.4375
W1104,7,7,101,0.5625,0.4375
W1105,7,7,73,0.5625,0.4375
W1106,7,7,94,0.5625,0.4375
W1107,8,3,94,0.21875,0.78125
W1108,8,3,219,0.28125,0.71875
W1109,7,7,169,0.5625,0.4375
W1110,7,7,148,0.5625,0.4375
W1111,8,3,254,0.21875,0.78125
W1112,7,7,187,0.5625,0.4375
W1113,7,7,166,0.5625,0.4375
W1114,7,7,227,0.5625,0.4375
W1115,7,7,292,0.5625,0.4375
W1116,7,7,236,0.5625,0.4375
W1117,7,7,294,0.5625,0.4375
W1118,7,7,294,0.5625,0.4375
W1119,7,7,294,0.5625,0.4375
W1120,7,7,294,0.5625,0.4375
W1121,7,7,295,0.5625,0.4375
W1122,7,7,295,0.5625,0.4375
W1123,7,7,295,0.5625,0.4375
W1124,7,7,295,0.5625,0.4375
W1125,20,10,199,0.24747061729431152,0.7525293827056885
W1126,20,10,199,0.24747061729431152,0.7525293827056885
W1127,20,10,172,0.24747061729431152,0.7525293827056885
W1128,20,10,172,0.24747061729431152,0.7525293827056885
W1129,17,16,166,0.5527496337890625,0.4472503662109375
W1130,17,8,248,0.24609375,0.75390625
U43,9,83,0,0.9991336266428632,0.0008663733571368393
W1131,10,10,83,0.55029296875,0.44970703125
W1132,10,3,102,0.21875,0.78125
W1133,10,3,96,0.21875,0.78125
W1134,10,3,80,0.21875,0.78125
W1135,10,3,100,0.21875,0.78125
W1136,10,3,144,0.21875,0.78125
W1137,10,3,229,0.21875,0.78125
W1138,10,3,263,0.21875,0.78125
W1139,10,3,263,0.21875,0.78125
W1140,10,3,263,0.21875,0.78125
W1141,10,3,185,0.21875,0.78125
W1142,10,3,265,0.21875,0.78125
W1143,10,3,259,0.21875,0.78125
W1144,10,3,207,0.21875,0.78125
W1145,10,3,317,0.21875,0.78125
W1146,10,3,306,0.21875,0.78125
W1147,10,3,306,0.21875,0.78125
W1148,10,3,259,0.21875,0.78125
W1149,10,3,316,0.21875,0.78125
W1150,10,3,80,0.21875,0.78125
W1151,10,3,96,0.21875,0.78125
W1152,10,3,138,0.21875,0.78125
W1153,8,10,224,0.55859375,0.44140625
W1154,10,3,262,0.21875,0.78125
W1155,10,3,262,0.21875,0.78125
W1156,10,3,248,0.21875,0.78125
W1157,10,3,191,0.21875,0.78125
W1158,8,10,283,0.55859375,0.44140625
W1159,10,3,316,0.21875,0.78125
W1160,10,3,316,0.21875,0.78125
W1161,10,3,248,0.21875,0.78125
W1162,14,7,322,0.24609375,0.75390625
W1163,14,7,322,0.24609375,0.75390625
W1164,13,6,322,0.19140625,0.80859375
W1165,15,6,323,0.1640625,0.8359375
W1166,14,7,324,0.24609375,0.75390625
W1167,14,7,324,0.24609375,0.75390625
W1168,14,7,324,0.24609375,0.75390625
W1169,14,7,324,0.24609375,0.75390625
W1170,13,6,325,0.19140625,0.80859375
W1171,18,18,233,0.4316253662109375,0.5683746337890625
W1172,21,21,204,0.5663004718354046,0.43369952816459545
W1173,21,21,204,0.5663004718354046,0.43369952816459545
W1174,21,21,181,0.5663004718354046,0.43369952816459545
W1175,15,17,187,0.567187593318522,0.432812406681478
W1176,24,17,251,0.20374006032943726,0.7962599396705627
W1177,26,18,250,0.26648229360580444,0.7335177063941956
W1178,9,7,54,0.314453125,0.685546875
W1179,14,7,287,0.24609375,0.75390625
W1180,14,7,287,0.24609375,0.75390625
W1181,14,7,287,0.24609375,0.75390625
W1182,14,7,287,0.24609375,0.75390625
W1183,14,7,288,0.24609375,0.75390625
W1184,14,7,288,0.24609375,0.75390625
W1185,14,7,288,0.24609375,0.75390625
W1186,14,7,288,0.24609375,0.75390625
W1187,21,20,232,0.5854247771349037,0.4145752228650963
W1188,10,10,211,0.55029296875,0.44970703125
W1189,21,21,188,0.5663004718354046,0.43369952816459545
W1190,21,21,161,0.5663004718354046,0.43369952816459545
W1191,18,18,238,0.5683746337890625,0.4316253662109375
U44,11,93,0,0.9992477415045541,0.0007522584954459063
W1192,8,11,97,0.5615234375,0.4384765625
W1193,8,11,91,0.5615234375,0.4384765625
W1194,8,11,75,0.5615234375,0.4384765625
W1195,8,11,95,0.5615234375,0.4384765625
W1196,8,11,139,0.5615234375,0.4384765625
W1197,8,11,224,0.5615234375,0.4384765625
W1198,8,11,258,0.5615234375,0.4384765625
W1199,8,11,258,0.5615234375,0.4384765625
W1200,8,11,258,0.5615234375,0.4384765625
W1201,4,9,89,0.78125,0.21875
W1202,8,11,180,0.5615234375,0.4384765625
W1203,8,11,260,0.5615234375,0.4384765625
W1204,8,11,254,0.5615234375,0.4384765625
W1205,8,11,202,0.5615234375,0.4384765625
W1206,8,11,312,0.5615234375,0.4384765625
W1207,8,11,301,0.5615234375,0.4384765625
W1208,8,11,301,0.5615234375,0.4384765625
W1209,8,11,254,0.5615234375,0.4384765625
W1210,8,11,311,0.5615234375,0.4384765625
W1211,8,11,75,0.5615234375,0.4384765625
W1212,8,11,91,0.5615234375,0.4384765625
W1213,8,11,133,0.5615234375,0.4384765625
W1214,8,11,257,0.5615234375,0.4384765625
W1215,8,11,257,0.5615234375,0.4384765625
W1216,11,4,36,0.21875,0.78125
W1217,8,8,40,0.4375,0.5625
W1218,8,8,71,0.4375,0.5625
W1219,8,8,100,0.4375,0.5625
W1220,8,8,72,0.4375,0.5625
W1221,8,8,93,0.4375,0.5625
W1222,4,9,93,0.78125,0.21875
W1223,8,11,243,0.5615234375,0.4384765625
W1224,8,11,186,0.5615234375,0.4384765625
W1225,8,11,311,0.5615234375,0.4384765625
W1226,8,11,311,0.5615234375,0.4384765625
W1227,8,11,243,0.5615234375,0.4384765625
W1228,8,8,147,0.4375,0.5625
W1229,8,8,165,0.4375,0.5625
W1230,15,15,314,0.5683746337890625,0.4316253662109375
W1231,14,14,314,0.5527496337890625,0.4472503662109375
W1232,14,14,315,0.54205322265625,0.45794677734375
W1233,15,15,316,0.5683746337890625,0.4316253662109375
W1234,15,15,316,0.5683746337890625,0.4316253662109375
W1235,14,14,317,0.5527496337890625,0.4472503662109375
W1236,7,14,98,0.75390625,0.24609375
W1237,4,9,252,0.78125,0.21875
W1238,4,9,285,0.78125,0.21875
W1239,8,8,168,0.4375,0.5625
W1240,4,9,253,0.78125,0.21875
W1241,8,8,186,0.4375,0.5625
W1242,8,8,226,0.4375,0.5625
W1243,8,8,291,0.4375,0.5625
W1244,8,8,235,0.4375,0.5625
W1245,15,15,279,0.5683746337890625,0.4316253662109375
W1246,15,15,279,0.5683746337890625,0.4316253662109375
W1247,15,15,280,0.5683746337890625,0.4316253662109375
W1248,15,15,280,0.5683746337890625,0.4316253662109375
W1249,17,18,165,0.4472503662109375,0.5527496337890625
W1250,36,25,232,0.5840707646407317,0.4159292353592683
W1251,3,18,70,0.9034423828125,0.0965576171875
W1252,11,3,37,0.28125,0.71875
W1253,8,10,53,0.685546875,0.314453125
W1254,3,18,279,0.9034423828125,0.0965576171875
W1255,3,18,258,0.9034423828125,0.0965576171875
W1256,21,22,231,0.4145752228650963,0.5854247771349037
W1257,39,19,212,0.23563404047396808,0.7643659595260319
W1258,22,22,203,0.43369952816459545,0.5663004718354046
W1259,22,22,180,0.43369952816459545,0.5663004718354046
W1260,22,22,203,0.43369952816459545,0.5663004718354046
W1261,22,22,204,0.43369952816459545,0.5663004718354046
W1262,18,16,186,0.432812406681478,0.567187593318522
W1263,18,16,185,0.432812406681478,0.567187593318522
W1264,19,19,237,0.4316253662109375,0.5683746337890625
W1265,15,8,90,0.424072265625,0.575927734375
W1266,11,9,223,0.44140625,0.55859375
W1267,11,9,144,0.44140625,0.55859375
W1268,11,9,145,0.44140625,0.55859375
W1269,11,11,210,0.44970703125,0.55029296875
W1270,21,11,199,0.20223641395568848,0.7977635860443115
W1271,22,22,187,0.43369952816459545,0.5663004718354046
W1272,22,22,160,0.43369952816459545,0.5663004718354046
W1273,40,18,143,0.2397272553674693,0.7602727446325307
W1274,3,19,20,0.904083251953125,0.095916748046875
W1275,3,30,20,0.9579427540302277,0.04205724596977234
W1276,3,41,20,0.9815588833589572,0.018441116641042754
W1277,3,31,25,0.9696513414382935,0.030348658561706543
W1278,3,19,20,0.904083251953125,0.095916748046875
W1279,3,30,20,0.9579427540302277,0.04205724596977234
W1280,3,41,20,0.9815588833589572,0.018441116641042754
W1281,3,31,25,0.9696513414382935,0.030348658561706543
W1282,12,9,52,0.4384765625,0.5615234375
W1283,9,45,22,0.9630354403043384,0.03696455969566159
W1284,3,19,92,0.904083251953125,0.095916748046875
W1285,3,30,92,0.9579427540302277,0.04205724596977234
W1286,9,34,86,0.9156977524980903,0.08430224750190973
W1287,3,19,100,0.904083251953125,0.095916748046875
W1288,3,30,100,0.9579427540302277,0.04205724596977234
W1289,3,19,89,0.904083251953125,0.095916748046875
W1290,9,23,83,0.8077383041381836,0.1922616958618164
W1291,3,19,97,0.904083251953125,0.095916748046875
W1292,9,56,94,0.9837919069303203,0.01620809306967974
W1293,3,19,91,0.904083251953125,0.095916748046875
W1294,3,30,91,0.9579427540302277,0.04205724596977234
W1295,3,41,91,0.9815588833589572,0.018441116641042754
W1296,3,52,91,0.991914002566574,0.008085997433425973
W1297,3,19,66,0.904083251953125,0.095916748046875
W1298,3,30,66,0.9579427540302277,0.04205724596977234
W1299,3,41,66,0.9815588833589572,0.018441116641042754
W1300,2,46,67,0.9815177201521692,0.018482279847830796
W1301,3,19,233,0.904083251953125,0.095916748046875
W1302,3,30,233,0.9579427540302277,0.04205724596977234
W1303,2,35,234,0.9578488762490451,0.042151123750954866
W1304,3,19,58,0.904083251953125,0.095916748046875
W1305,2,24,59,0.9038691520690918,0.0961308479309082
W1306,2,13,53,0.78076171875,0.21923828125
W1307,9,45,22,0.9630354403043384,0.03696455969566159
W1308,3,19,243,0.904083251953125,0.095916748046875
W1309,3,30,243,0.9579427540302277,0.04205724596977234
W1310,9,34,237,0.9156977524980903,0.08430224750190973
W1311,3,19,244,0.904083251953125,0.095916748046875
W1312,3,30,244,0.9579427540302277,0.04205724596977234
W1313,3,19,248,0.904083251953125,0.095916748046875
W1314,9,56,148,0.9837919069303203,0.01620809306967974
W1315,3,19,154,0.904083251953125,0.095916748046875
W1316,3,30,154,0.9579427540302277,0.04205724596977234
W1317,3,41,154,0.9815588833589572,0.018441116641042754
W1318,3,52,154,0.991914002566574,0.008085997433425973
W1319,3,19,284,0.904083251953125,0.095916748046875
W1320,3,30,284,0.9579427540302277,0.04205724596977234
W1321,3,41,284,0.9815588833589572,0.018441116641042754
W1322,9,45,278,0.9630354403043384,0.03696455969566159
W1323,3,19,263,0.904083251953125,0.095916748046875
W1324,3,30,263,0.9579427540302277,0.04205724596977234
W1325,3,41,263,0.9815588833589572,0.018441116641042754
W1326,3,19,294,0.904083251953125,0.095916748046875
W1327,3,30,294,0.9579427540302277,0.04205724596977234
W1328,9,34,288,0.9156977524980903,0.08430224750190973
W1329,3,19,282,0.904083251953125,0.095916748046875
W1330,3,30,282,0.9579427540302277,0.04205724596977234
W1331,3,19,281,0.904083251953125,0.095916748046875
W1332,9,23,242,0.8077383041381836,0.1922616958618164
W1333,9,23,275,0.8077383041381836,0.1922616958618164
W1334,12,9,52,0.4384765625,0.5615234375
W1335,7,35,29,0.9391671977937222,0.06083280220627785
W1336,3,25,90,0.9460468292236328,0.05395317077636719
W1337,7,29,86,0.8918527960777283,0.10814720392227173
W1338,3,25,105,0.9460468292236328,0.05395317077636719
W1339,3,19,85,0.904083251953125,0.095916748046875
W1340,9,23,79,0.8077383041381836,0.1922616958618164
W1341,3,19,99,0.904083251953125,0.095916748046875
W1342,7,50,94,0.9790685093482807,0.020931490651719287
W1343,3,18,91,0.86297607421875,0.13702392578125
W1344,3,29,91,0.9576617479324341,0.04233825206756592
W1345,3,40,91,0.9814356687711552,0.01856433122884482
W1346,7,50,87,0.9790685093482807,0.020931490651719287
W1347,3,29,70,0.9576617479324341,0.04233825206756592
W1348,7,39,66,0.9522631482686847,0.047736851731315255
W1349,2,40,71,0.9761315741343424,0.023868425865657628
W1350,3,19,237,0.904083251953125,0.095916748046875
W1351,7,29,233,0.8918527960777283,0.10814720392227173
W1352,2,30,238,0.9459263980388641,0.054073601961135864
W1353,7,18,60,0.75335693359375,0.24664306640625
W1354,2,19,65,0.876678466796875,0.123321533203125
W1355,8,12,32,0.5615234375,0.4384765625
W1356,7,35,29,0.9391671977937222,0.06083280220627785
W1357,3,25,236,0.9460468292236328,0.05395317077636719
W1358,7,29,232,0.8918527960777283,0.10814720392227173
W1359,3,25,240,0.9460468292236328,0.05395317077636719
W1360,3,19,237,0.904083251953125,0.095916748046875
W1361,7,50,142,0.9790685093482807,0.020931490651719287
W1362,3,18,146,0.86297607421875,0.13702392578125
W1363,3,29,146,0.9576617479324341,0.04233825206756592
W1364,3,40,146,0.9814356687711552,0.01856433122884482
W1365,7,50,142,0.9790685093482807,0.020931490651719287
W1366,3,29,279,0.9576617479324341,0.04233825206756592
W1367,7,39,275,0.9522631482686847,0.047736851731315255
W1368,7,39,275,0.9522631482686847,0.047736851731315255
W1369,3,29,258,0.9576617479324341,0.04233825206756592
W1370,7,39,254,0.9522631482686847,0.047736851731315255
W1371,3,19,262,0.904083251953125,0.095916748046875
W1372,7,29,258,0.8918527960777283,0.10814720392227173
W1373,7,29,258,0.8918527960777283,0.10814720392227173
W1374,3,19,297,0.904083251953125,0.095916748046875
W1375,7,29,293,0.8918527960777283,0.10814720392227173
W1376,7,18,276,0.75335693359375,0.24664306640625
W1377,9,23,231,0.8077383041381836,0.1922616958618164
W1378,7,18,254,0.75335693359375,0.24664306640625
W1379,16,16,313,0.4316253662109375,0.5683746337890625
W1380,15,15,313,0.4472503662109375,0.5527496337890625
W1381,16,16,315,0.4316253662109375,0.5683746337890625
W1382,16,16,315,0.4316253662109375,0.5683746337890625
W1383,15,15,314,0.45794677734375,0.54205322265625
W1384,15,15,313,0.45794677734375,0.54205322265625
W1385,15,15,316,0.4472503662109375,0.5527496337890625
W1386,15,15,316,0.4472503662109375,0.5527496337890625
W1387,40,18,213,0.2526841838198093,0.7473158161801907
W1388,26,37,231,0.4159292353592683,0.5840707646407317
W1389,45,20,211,0.2364036268294889,0.7635963731705111
W1390,12,9,41,0.4384765625,0.5615234375
W1391,12,9,75,0.4384765625,0.5615234375
W1392,12,9,96,0.4384765625,0.5615234375
W1393,12,9,75,0.4384765625,0.5615234375
W1394,12,9,90,0.4384765625,0.5615234375
W1395,12,9,74,0.4384765625,0.5615234375
W1396,12,9,80,0.4384765625,0.5615234375
W1397,12,9,53,0.4384765625,0.5615234375
W1398,12,9,223,0.4384765625,0.5615234375
W1399,12,9,53,0.4384765625,0.5615234375
W1400,12,9,53,0.4384765625,0.5615234375
W1401,12,9,212,0.4384765625,0.5615234375
W1402,12,9,204,0.4384765625,0.5615234375
W1403,12,9,179,0.4384765625,0.5615234375
W1404,12,9,156,0.4384765625,0.5615234375
W1405,12,9,230,0.4384765625,0.5615234375
W1406,12,9,214,0.4384765625,0.5615234375
W1407,12,9,195,0.4384765625,0.5615234375
W1408,12,9,172,0.4384765625,0.5615234375
W1409,12,9,247,0.4384765625,0.5615234375
W1410,12,9,231,0.4384765625,0.5615234375
W1411,12,9,200,0.4384765625,0.5615234375
W1412,12,9,177,0.4384765625,0.5615234375
W1413,12,9,154,0.4384765625,0.5615234375
W1414,12,9,155,0.4384765625,0.5615234375
W1415,12,9,245,0.4384765625,0.5615234375
W1416,12,9,223,0.4384765625,0.5615234375
W1417,12,9,201,0.4384765625,0.5615234375
W1418,12,9,178,0.4384765625,0.5615234375
W1419,12,9,74,0.4384765625,0.5615234375
W1420,12,9,84,0.4384765625,0.5615234375
W1421,12,9,51,0.4384765625,0.5615234375
W1422,12,9,53,0.4384765625,0.5615234375
W1423,12,9,51,0.4384765625,0.5615234375
W1424,12,9,202,0.4384765625,0.5615234375
W1425,12,9,194,0.4384765625,0.5615234375
W1426,12,9,222,0.4384765625,0.5615234375
W1427,12,9,210,0.4384765625,0.5615234375
W1428,12,9,219,0.4384765625,0.5615234375
W1429,12,9,184,0.4384765625,0.5615234375
W1430,12,9,168,0.4384765625,0.5615234375
W1431,12,9,215,0.4384765625,0.5615234375
W1432,12,9,185,0.4384765625,0.5615234375
W1433,12,9,169,0.4384765625,0.5615234375
W1434,16,16,278,0.4316253662109375,0.5683746337890625
W1435,16,16,278,0.4316253662109375,0.5683746337890625
W1436,16,16,279,0.4316253662109375,0.5683746337890625
W1437,16,16,279,0.4316253662109375,0.5683746337890625
W1438,21,10,200,0.3028223514556885,0.6971776485443115
W1439,39,18,143,0.25327809341381136,0.7467219065861886
W1440,12,8,11,0.6641319427858243,0.3358680572141757
W1441,19,6,9,0.34704526002959923,0.6529547399704008
W1442,12,8,11,0.6641319427858243,0.3358680572141757
W1443,19,6,9,0.34704526002959923,0.6529547399704008
W1444,15,8,79,0.658761773601002,0.34123822639899803
W1445,6,8,245,0.7063150405883789,0.2936849594116211
W1446,15,8,142,0.658761773601002,0.34123822639899803
W1447,6,8,278,0.7063150405883789,0.2936849594116211
W1448,19,8,75,0.6204057954651712,0.37959420453482884
W1449,10,12,222,0.55859375,0.44140625
W1450,6,8,234,0.7063150405883789,0.2936849594116211
W1451,19,8,130,0.6204057954651712,0.37959420453482884
W1452,10,8,273,0.5885601043701172,0.4114398956298828
W1453,10,12,143,0.55859375,0.44140625
W1454,10,12,144,0.55859375,0.44140625
W1455,38,40,193,0.5712227709035512,0.4287772290964488
W1456,23,23,202,0.5663004718354046,0.43369952816459545
W1457,23,23,203,0.5663004718354046,0.43369952816459545
W1458,17,19,185,0.567187593318522,0.432812406681478
W1459,17,19,184,0.567187593318522,0.432812406681478
W1460,11,54,170,0.8895500430238843,0.11044995697611568
W1461,12,56,169,0.8235231226074565,0.1764768773925435
W1462,10,46,153,0.8923798161736632,0.10762018382633676
W1463,10,49,153,0.8193257865350501,0.18067421346494994
W1464,56,19,212,0.2520997576811581,0.7479002423188419
W1465,10,2,88,0.2879638671875,0.7120361328125
W1466,18,8,77,0.6195696841844694,0.38043031581553055
W1467,8,9,94,0.3233906248057963,0.6766093751942037
W1468,15,8,77,0.5705177130721495,0.4294822869278505
W1469,8,6,94,0.2936849594116211,0.7063150405883789
W1470,14,8,55,0.6518572703633732,0.34814272963662685
W1471,11,8,225,0.6480895296893366,0.35191047031066336
W1472,8,8,53,0.6384163768302642,0.3615836231697358
W1473,5,8,50,0.6099700927734375,0.3900299072265625
W1474,18,8,228,0.6195696841844694,0.38043031581553055
W1475,8,9,238,0.3233906248057963,0.6766093751942037
W1476,18,8,279,0.6195696841844694,0.38043031581553055
W1477,21,8,266,0.639582597940922,0.360417402059078
W1478,8,9,276,0.3233906248057963,0.6766093751942037
W1479,8,12,254,0.3358680572141757,0.6641319427858243
W1480,20,7,73,0.3237130816041489,0.6762869183958511
W1481,7,13,95,0.6370330585632473,0.3629669414367527
W1482,15,8,73,0.5705177130721495,0.4294822869278505
W1483,8,6,96,0.2936849594116211,0.7063150405883789
W1484,18,7,55,0.5529051591540923,0.44709484084590767
W1485,15,8,225,0.5958665114790282,0.40413348852097175
W1486,12,8,55,0.5159779699170031,0.48402203008299693
W1487,20,7,219,0.3237130816041489,0.6762869183958511
W1488,7,13,230,0.6370330585632473,0.3629669414367527
W1489,20,8,245,0.5618039790975567,0.43819602090244325
W1490,23,7,259,0.5393854901343575,0.46061450986564245
W1491,8,13,287,0.37007095613950014,0.6299290438604999
W1492,7,16,245,0.4335751718261728,0.5664248281738272
W1493,32,16,262,0.2453249094542116,0.7546750905457884
W1494,32,16,262,0.2453249094542116,0.7546750905457884
W1495,32,16,263,0.2453249094542116,0.7546750905457884
W1496,32,16,263,0.2453249094542116,0.7546750905457884
W1497,22,22,188,0.5561829410126506,0.44381705898734936
W1498,37,40,124,0.5677123133975178,0.4322876866024822
W1499,13,9,207,0.4384765625,0.5615234375
U45,10,102,0,0.999400874976173,0.0005991250238270157
U46,8,86,0,0.9987266787693014,0.0012733212306985933
U47,8,86,0,0.9987266787693014,0.0012733212306985933
U48,10,102,0,0.999400874976173,0.0005991250238270157
W1500,13,4,36,0.28076171875,0.71923828125
W1501,10,13,40,0.5615234375,0.4384765625
W1502,10,13,74,0.5615234375,0.4384765625
W1503,10,13,95,0.5615234375,0.4384765625
W1504,10,13,74,0.5615234375,0.4384765625
W1505,10,13,89,0.5615234375,0.4384765625
W1506,13,9,59,0.403594970703125,0.596405029296875
W1507,10,13,73,0.5615234375,0.4384765625
W1508,19,5,79,0.122833251953125,0.877166748046875
W1509,10,13,79,0.5615234375,0.4384765625
W1510,2,58,92,0.9918959534651601,0.00810404653483987
W1511,10,13,52,0.5615234375,0.4384765625
W1512,10,13,222,0.5615234375,0.4384765625
W1513,10,13,52,0.5615234375,0.4384765625
W1514,10,13,52,0.5615234375,0.4384765625
W1515,57,10,147,0.01620809306967974,0.9837919069303203
W1516,10,13,155,0.5615234375,0.4384765625
W1517,10,13,171,0.5615234375,0.4384765625
W1518,10,13,153,0.5615234375,0.4384765625
W1519,10,13,154,0.5615234375,0.4384765625
W1520,13,9,59,0.403594970703125,0.596405029296875
W1521,10,13,73,0.5615234375,0.4384765625
W1522,19,5,83,0.122833251953125,0.877166748046875
W1523,10,13,83,0.5615234375,0.4384765625
W1524,2,52,92,0.9895342546741404,0.010465745325859643
W1525,10,13,50,0.5615234375,0.4384765625
W1526,10,13,52,0.5615234375,0.4384765625
W1527,20,9,43,0.1765727996826172,0.8234272003173828
W1528,10,13,50,0.5615234375,0.4384765625
W1529,51,8,141,0.020931490651719287,0.9790685093482807
W1530,16,16,313,0.54205322265625,0.45794677734375
W1531,16,16,312,0.54205322265625,0.45794677734375
W1532,16,16,315,0.5527496337890625,0.4472503662109375
W1533,16,16,315,0.5527496337890625,0.4472503662109375
W1534,15,45,282,0.8953595507712038,0.10464044922879623
W1535,16,47,281,0.8297037511886032,0.17029624881139682
W1536,16,46,283,0.8970224907529847,0.10297750924701532
W1537,16,48,283,0.8214343831782536,0.17856561682174643
U49,41,39,0,0.4287772290964488,0.5712227709035512
W1538,3,18,26,0.890380859375,0.109619140625
W1539,12,56,169,0.8964924895591175,0.10350751044088242
W1540,11,56,170,0.8895500430238843,0.11044995697611566
W1541,10,51,153,0.8944128231841337,0.10558717681586625
W1542,10,50,153,0.8927679318225271,0.10723206817747288
W1543,40,46,191,0.5710939125280141,0.4289060874719859
W1544,10,13,211,0.5615234375,0.4384765625
W1545,10,13,203,0.5615234375,0.4384765625
W1546,10,13,178,0.5615234375,0.4384765625
W1547,10,13,229,0.5615234375,0.4384765625
W1548,10,13,213,0.5615234375,0.4384765625
W1549,10,13,194,0.5615234375,0.4384765625
W1550,10,13,246,0.5615234375,0.4384765625
W1551,10,13,230,0.5615234375,0.4384765625
W1552,10,13,199,0.5615234375,0.4384765625
W1553,10,13,176,0.5615234375,0.4384765625
W1554,10,13,177,0.5615234375,0.4384765625
W1555,10,13,244,0.5615234375,0.4384765625
W1556,10,13,222,0.5615234375,0.4384765625
W1557,10,13,200,0.5615234375,0.4384765625
W1558,10,13,201,0.5615234375,0.4384765625
W1559,10,13,193,0.5615234375,0.4384765625
W1560,10,13,221,0.5615234375,0.4384765625
W1561,10,13,209,0.5615234375,0.4384765625
W1562,10,13,218,0.5615234375,0.4384765625
W1563,10,13,183,0.5615234375,0.4384765625
W1564,10,13,167,0.5615234375,0.4384765625
W1565,10,13,168,0.5615234375,0.4384765625
W1566,10,13,214,0.5615234375,0.4384765625
W1567,10,13,184,0.5615234375,0.4384765625
W1568,33,33,245,0.569534492290294,0.43046550770970604
W1569,33,33,246,0.569534492290294,0.43046550770970604
W1570,10,54,13,0.9873862792098326,0.012613720790167449
W1571,8,44,20,0.9769082208368833,0.02309177916311662
W1572,10,54,13,0.9873862792098326,0.012613720790167449
W1573,8,44,20,0.9769082208368833,0.02309177916311662
W1574,41,39,192,0.4287772290964488,0.5712227709035512
W1575,16,3,37,0.21923828125,0.78076171875
W1576,9,19,76,0.38043031581553055,0.6195696841844694
W1577,22,11,65,0.16680977714958323,0.8331902228504168
W1578,10,9,93,0.6766093751942037,0.3233906248057963
W1579,23,9,85,0.2966773529904272,0.7033226470095728
W1580,9,16,76,0.4294822869278505,0.5705177130721495
W1581,22,11,65,0.18831791682676258,0.8116820831732374
W1582,7,9,93,0.7063150405883789,0.2936849594116211
W1583,20,9,82,0.30970259103924036,0.6902974089607596
W1584,21,3,65,0.123321533203125,0.876678466796875
W1585,17,9,75,0.342559814453125,0.657440185546875
W1586,18,9,76,0.6534231375323658,0.3465768624676342
W1587,9,15,54,0.34814272963662685,0.6518572703633732
W1588,22,11,43,0.15265242735043505,0.847347572649565
W1589,9,12,224,0.35191047031066336,0.6480895296893366
W1590,22,11,213,0.15430449332957796,0.845695506670422
W1591,9,9,52,0.3615836231697358,0.6384163768302642
W1592,22,9,43,0.1585459441437611,0.8414540558562389
W1593,9,6,49,0.3900299072265625,0.6099700927734375
W1594,22,6,43,0.17101897299289703,0.828981027007103
W1595,9,16,141,0.34123822639899803,0.658761773601002
W1596,8,21,72,0.6762869183958511,0.3237130816041489
W1597,16,9,63,0.38041139159766624,0.6195886084023338
W1598,14,8,94,0.3629669414367527,0.6370330585632473
W1599,22,8,86,0.20416890455817338,0.7958310954418266
W1600,9,16,72,0.4294822869278505,0.5705177130721495
W1601,17,9,63,0.2415837863969159,0.7584162136030841
W1602,7,9,95,0.7063150405883789,0.2936849594116211
W1603,15,9,86,0.39730221033096313,0.6026977896690369
W1604,21,3,65,0.123321533203125,0.876678466796875
W1605,17,9,79,0.342559814453125,0.657440185546875
W1606,22,9,72,0.6139127864111453,0.38608721358885467
W1607,8,19,54,0.44709484084590767,0.5529051591540923
W1608,21,11,42,0.19604060892559816,0.8039593910744018
W1609,9,16,224,0.40413348852097175,0.5958665114790282
W1610,21,11,213,0.17838704766746016,0.8216129523325398
W1611,9,13,54,0.48402203008299693,0.5159779699170031
W1612,22,11,43,0.21223231592506409,0.7877676840749359
W1613,21,10,42,0.3005962371826172,0.6994037628173828
W1614,9,20,129,0.37959420453482884,0.6204057954651712
W1615,15,47,282,0.8835872900028647,0.11641270999713527
W1616,16,47,281,0.8907427083988608,0.10925729160113917
W1617,16,48,283,0.8902783444059388,0.10972165559406122
W1618,16,48,283,0.8902783444059388,0.10972165559406122
W1619,10,8,19,0.6695246696472168,0.3304753303527832
W1620,55,24,157,0.20252506734209785,0.7974749326579021
W1621,57,24,157,0.26743497085337353,0.7325650291466265
W1622,47,21,142,0.20184404926357558,0.7981559507364244
W1623,50,21,142,0.268532212066238,0.731467787933762
W1624,41,38,123,0.4322876866024822,0.5677123133975178
U50,47,41,0,0.4289060874719859,0.5710939125280141
W1625,11,11,77,0.5899186432361603,0.4100813567638397
W1626,2,4,86,0.64398193359375,0.35601806640625
W1627,16,9,235,0.5705177130721495,0.4294822869278505
W1628,9,19,227,0.38043031581553055,0.6195696841844694
W1629,9,7,245,0.2936849594116211,0.7063150405883789
W1630,10,9,237,0.6766093751942037,0.3233906248057963
W1631,9,19,278,0.38043031581553055,0.6195696841844694
W1632,12,9,264,0.27343428949241266,0.7265657105075873
W1633,16,9,268,0.5705177130721495,0.4294822869278505
W1634,9,22,265,0.360417402059078,0.639582597940922
W1635,10,9,275,0.6766093751942037,0.3233906248057963
W1636,19,5,275,0.14800830082373206,0.8519916991762679
W1637,9,7,273,0.2936849594116211,0.7063150405883789
W1638,13,9,253,0.6641319427858243,0.3358680572141757
W1639,16,9,224,0.5705177130721495,0.4294822869278505
W1640,8,21,218,0.6762869183958511,0.3237130816041489
W1641,9,7,246,0.2936849594116211,0.7063150405883789
W1642,14,8,229,0.3629669414367527,0.6370330585632473
W1643,18,9,243,0.44339583546388894,0.5566041645361111
W1644,9,21,244,0.43819602090244325,0.5618039790975567
W1645,8,24,258,0.46061450986564245,0.5393854901343575
W1646,14,9,286,0.6299290438604999,0.37007095613950014
W1647,22,9,277,0.35433508717153117,0.6456649128284688
W1648,9,11,272,0.4114398956298828,0.5885601043701172
W1649,17,8,244,0.5664248281738272,0.4335751718261728
W1650,23,23,187,0.44381705898734936,0.5561829410126506
W1651,45,23,164,0.2513338099131375,0.7486661900868625
U51,23,9,0,0.6557547678916925,0.3442452321083075
U52,28,7,0,0.3390313675253893,0.6609686324746107
U53,23,9,0,0.6557547678916925,0.3442452321083075
U54,28,7,0,0.3390313675253893,0.6609686324746107
W1652,47,41,190,0.4289060874719859,0.5710939125280141
W1653,8,14,32,0.5615537166595459,0.4384462833404541
W1654,29,10,66,0.3479028988340527,0.6520971011659473
W1655,19,11,83,0.18159141529622347,0.8184085847037765
W1656,26,10,66,0.32035906739891207,0.6796409326010879
W1657,19,8,83,0.16491098795086145,0.8350890120491385
W1658,13,14,55,0.5228554466739297,0.4771445533260703
W1659,15,18,69,0.5766846695914865,0.42331533040851355
W1660,25,10,44,0.3660331352138082,0.6339668647861918
W1661,22,10,214,0.3639174605189146,0.6360825394810854
W1662,19,10,42,0.3584857584740253,0.6415142415259747
W1663,16,10,39,0.34251250326633453,0.6574874967336655
W1664,29,8,64,0.14162447320181515,0.8583755267981849
W1665,16,8,86,0.2787019631214207,0.7212980368785793
W1666,24,8,64,0.2496014994690654,0.7503985005309346
W1667,17,8,87,0.12848716974258423,0.8715128302574158
W1668,13,14,55,0.5228554466739297,0.4771445533260703
W1669,15,18,73,0.5766846695914865,0.42331533040851355
W1670,29,9,44,0.3104692055796905,0.6895307944203095
W1671,26,10,214,0.3328473091464884,0.6671526908535116
W1672,23,10,44,0.28973372334206715,0.7102662766579328
W1673,20,21,32,0.5759080823081604,0.4240919176918396
W1674,46,31,266,0.2088716809558897,0.7911283190441103
W1675,48,33,264,0.2609474334975691,0.7390525665024309
W1676,47,33,266,0.20140030203754122,0.7985996979624588
W1677,49,33,266,0.26869475730595094,0.7313052426940491
W1678,34,34,244,0.43046550770970604,0.569534492290294
W1679,34,34,245,0.43046550770970604,0.569534492290294
W1680,14,5,74,0.37989694853422407,0.6201030514657759
W1681,27,3,270,0.174253973676882,0.825746026323118
W1682,13,9,271,0.25264892562952834,0.7473510743704717
W1683,17,8,278,0.1619060433110313,0.8380939566889687
W1684,45,22,165,0.24121627909038357,0.7587837209096164
W1685,49,56,132,0.58420224728624,0.41579775271375996
W1686,43,48,120,0.5838253677113411,0.4161746322886589
W1687,4,15,12,0.9173811674118042,0.0826188325881958
W1688,4,15,12,0.9173811674118042,0.0826188325881958
W1689,4,15,8,0.9173811674118042,0.0826188325881958
U55,9,11,0,0.3304753303527832,0.6695246696472168
W1690,4,15,8,0.9173811674118042,0.0826188325881958
W1691,22,23,54,0.5433209290405664,0.4566790709594336
W1692,21,20,73,0.5756052921292183,0.4243947078707817
W1693,22,23,54,0.5516523679834529,0.44834763201654715
W1694,18,20,73,0.5764597812691209,0.4235402187308791
W1695,15,14,54,0.4771445533260703,0.5228554466739297
W1696,10,19,75,0.3465768624676342,0.6534231375323658
W1697,22,23,32,0.5371902840168346,0.46280971598316545
W1698,22,23,202,0.5379321455106653,0.46206785448933474
W1699,20,20,32,0.5398047604215702,0.4601952395784298
W1700,17,17,32,0.5450446602866033,0.45495533971339674
W1701,13,19,42,0.8053889688292093,0.19461103117079068
W1702,10,27,130,0.35191549853627035,0.6480845014637296
W1703,18,17,54,0.5318396981355075,0.46816030186449253
W1704,17,17,77,0.5740314068291188,0.4259685931708812
W1705,18,18,54,0.5691143894661033,0.43088561053389673
W1706,18,16,77,0.525258856464351,0.474741143535649
W1707,15,14,54,0.4771445533260703,0.5228554466739297
W1708,10,23,71,0.38608721358885467,0.6139127864111453
W1709,21,22,32,0.5543547576092006,0.4456452423907994
W1710,22,22,202,0.5481412919887519,0.45185870801124806
W1711,22,23,32,0.5595248198393474,0.44047518016065257
W1712,13,19,42,0.7832029806507896,0.2167970193492104
W1713,10,29,120,0.3925802226428805,0.6074197773571195
W1714,10,17,234,0.4294822869278505,0.5705177130721495
W1715,13,9,220,0.30869039372939255,0.6913096062706074
W1716,8,10,244,0.7063150405883789,0.2936849594116211
W1717,17,5,244,0.15450641512870789,0.8454935848712921
W1718,13,13,260,0.5999587483142731,0.4000412516857269
W1719,10,17,267,0.4294822869278505,0.5705177130721495
W1720,15,14,265,0.6367369117341075,0.3632630882658925
W1721,8,10,272,0.7063150405883789,0.2936849594116211
W1722,10,17,223,0.4294822869278505,0.5705177130721495
W1723,13,9,209,0.30869039372939255,0.6913096062706074
W1724,8,10,245,0.7063150405883789,0.2936849594116211
W1725,17,5,245,0.15450641512870789,0.8454935848712921
W1726,10,19,242,0.5566041645361111,0.44339583546388894
W1727,31,10,234,0.3127024344186584,0.6872975655813416
W1728,18,18,268,0.5411278614876495,0.45887213851235054
W1729,12,10,271,0.5885601043701172,0.4114398956298828
W1730,65,47,232,0.5846854146223037,0.4153145853776963
W1731,67,48,232,0.5840201459338302,0.4159798540661698
W1732,46,46,141,0.5680757174333357,0.43192428256666426
W1733,15,9,203,0.4384462833404541,0.5615537166595459
W1734,22,21,195,0.4240919176918396,0.5759080823081604
W1735,2,9,12,0.844974237133556,0.15502576286644398
W1736,21,22,72,0.4243947078707817,0.5756052921292183
W1737,21,19,72,0.4235402187308791,0.5764597812691209
W1738,19,33,44,0.8417256004322454,0.15827439956775458
W1739,19,33,44,0.8446130844009117,0.15538691559908832
W1740,16,24,44,0.818790399767636,0.181209600232364
W1741,18,18,76,0.4259685931708812,0.5740314068291188
W1742,17,19,76,0.474741143535649,0.525258856464351
W1743,19,27,44,0.819249293540221,0.180750706459779
W1744,19,28,44,0.8336405752534354,0.16635942474656465
W1745,16,24,44,0.7981321974839065,0.20186780251609351
W1746,3,20,26,0.8903884291648865,0.10961157083511353
W1747,3,27,26,0.8939770205770401,0.1060229794229599
W1748,57,50,131,0.41579775271375996,0.58420224728624
W1749,49,44,119,0.4161746322886589,0.5838253677113411
W1750,87,42,74,0.23626746327395587,0.7637325367260441
W1751,25,3,226,0.16045810680154204,0.839541893198458
W1752,14,9,240,0.22944137454032898,0.770558625459671
W1753,25,3,215,0.16045810680154204,0.839541893198458
W1754,14,9,241,0.22944137454032898,0.770558625459671
W1755,28,11,233,0.1942942907849906,0.8057057092150094
W1756,18,18,194,0.45495533971339674,0.5450446602866033
W1757,21,21,191,0.4601952395784298,0.5398047604215702
W1758,24,23,189,0.46206785448933474,0.5379321455106653
W1759,24,23,189,0.46280971598316545,0.5371902840168346
W1760,24,23,193,0.44047518016065257,0.5595248198393474
W1761,23,23,193,0.45185870801124806,0.5481412919887519
W1762,23,22,194,0.4456452423907994,0.5543547576092006
W1763,11,42,52,0.6238861840366923,0.3761138159633078
W1764,11,39,52,0.6233278410619096,0.3766721589380903
W1765,11,38,49,0.723395968638919,0.276604031361081
W1766,9,31,46,0.7134892687968435,0.2865107312031565
W1767,28,11,129,0.6480845014637296,0.35191549853627035
W1768,11,42,52,0.647594779546026,0.3524052204539741
W1769,11,43,52,0.6775368718408384,0.32246312815916156
W1770,11,42,49,0.7401213059783548,0.2598786940216452
W1771,9,35,46,0.7308136317396443,0.2691863682603557
W1772,30,11,119,0.6074197773571195,0.3925802226428805
W1773,48,66,231,0.4153145853776963,0.5846854146223037
W1774,82,35,196,0.23653598152384014,0.7634640184761599
W1775,49,68,231,0.4159798540661698,0.5840201459338302
W1776,83,35,196,0.23691487498856656,0.7630851250114334
W1777,3,23,26,0.8862611650716508,0.11373883492834919
W1778,3,26,26,0.8849511901053926,0.11504880989460745
W1779,3,29,196,0.8844830363776663,0.11551696362233368
W1780,10,8,19,0.6719079553886331,0.3280920446113669
W1781,3,29,26,0.8898812049598368,0.11011879504016314
W1782,3,28,196,0.887035322997188,0.11296467700281201
W1783,10,8,19,0.6746159904882434,0.3253840095117566
W1784,97,47,84,0.25233113653294215,0.7476688634670579
W1785,47,47,140,0.43192428256666426,0.5680757174333357
W1786,85,38,78,0.25238051758777913,0.7476194824122209
W1787,3,29,26,0.8842975710042087,0.11570242899579136
W1788,3,28,26,0.8885886894023002,0.11141131059769985
W1789,13,14,216,0.5803833756347063,0.4196166243652937
W1790,15,15,234,0.6515023745933926,0.34849762540660745
W1791,14,14,259,0.4000412516857269,0.5999587483142731
W1792,31,11,253,0.22823062004626105,0.771769379953739
W1793,15,16,264,0.3632630882658925,0.6367369117341075
W1794,25,9,257,0.1066849053331087,0.8933150946668913
W1795,13,14,205,0.5803833756347063,0.4196166243652937
W1796,15,15,235,0.6515023745933926,0.34849762540660745
W1797,22,29,222,0.5537595725184643,0.4462404274815357
W1798,19,19,267,0.45887213851235054,0.5411278614876495
W1799,29,13,252,0.18879830477698267,0.8112016952230173
W1800,31,34,32,0.5251409728596672,0.4748590271403328
W1801,31,34,32,0.5264708504322607,0.4735291495677393
W1802,28,25,32,0.5923096743521568,0.40769032564784324
W1803,23,20,32,0.5746363864669963,0.42536361353300367
W1804,31,28,32,0.5305415656434169,0.4694584343565831
W1805,31,29,32,0.5648222275968097,0.43517777240319033
W1806,28,25,32,0.5907146443451631,0.4092853556548369
W1807,23,20,32,0.572375414678718,0.427624585321282
W1808,100,34,197,0.25168690385585,0.74831309614415
W1809,102,34,197,0.2514005286321028,0.7485994713678972
W1810,10,8,19,0.6687934252718886,0.33120657472811144
W1811,10,8,19,0.6678048874917937,0.3321951125082063
W1812,10,8,189,0.667451607727928,0.332548392272072
W1813,10,8,19,0.6715251921278187,0.3284748078721813
W1814,10,8,189,0.66700898311312,0.33299101688688004
W1815,104,48,83,0.23620460668003784,0.7637953933199622
W1816,81,86,35,0.5709813238084975,0.42901867619150247
W1817,10,8,19,0.6673116512148001,0.3326883487851999
W1818,10,8,19,0.6705498296263238,0.3294501703736762
W1819,24,15,249,0.25767165528838465,0.7423283447116154
W1820,24,10,256,0.4497368576555951,0.5502631423444049
W1821,31,10,255,0.3184862706347493,0.6815137293652507
W1822,3,14,13,0.9179769888471583,0.08202301115284172
W1823,4,15,12,0.9186539976220609,0.08134600237793915
W1824,3,14,13,0.9179769888471583,0.08202301115284172
W1825,4,15,12,0.9186539976220609,0.08134600237793915
W1826,3,14,9,0.9179769888471583,0.08202301115284172
W1827,4,15,8,0.9186539976220609,0.08134600237793915
W1828,4,15,8,0.9186539976220609,0.08134600237793915
U56,9,11,0,0.3253840095117566,0.6746159904882434
W1829,3,14,9,0.9179769888471583,0.08202301115284172
U57,9,11,0,0.3280920446113669,0.6719079553886331
W1830,70,83,161,0.5713101234605497,0.42868987653945034
W1831,70,84,161,0.5712451211922648,0.4287548788077352
W1832,96,98,35,0.5710660336449105,0.4289339663550895
W1833,15,14,215,0.4196166243652937,0.5803833756347063
W1834,34,10,212,0.2599817394365582,0.7400182605634418
W1835,16,16,233,0.34849762540660745,0.6515023745933926
W1836,25,11,221,0.1127008648235791,0.8872991351764209
W1837,27,25,237,0.5729062863201688,0.4270937136798312
W1838,20,25,246,0.49155837109509315,0.5084416289049069
W1839,15,14,204,0.4196166243652937,0.5803833756347063
W1840,36,9,203,0.13583539056561977,0.8641646094343802
W1841,16,16,234,0.34849762540660745,0.6515023745933926
W1842,24,15,213,0.2220045082148,0.7779954917852
W1843,30,23,221,0.4462404274815357,0.5537595725184643
W1844,54,9,228,0.2406956116948934,0.7593043883051066
W1845,24,30,241,0.552845092578852,0.44715490742114805
W1846,21,24,188,0.42536361353300367,0.5746363864669963
W1847,26,29,183,0.40769032564784324,0.5923096743521568
W1848,35,32,180,0.4735291495677393,0.5264708504322607
W1849,35,32,180,0.4748590271403328,0.5251409728596672
W1850,21,24,192,0.427624585321282,0.572375414678718
W1851,26,29,187,0.4092853556548369,0.5907146443451631
W1852,30,32,184,0.43517777240319033,0.5648222275968097
W1853,29,32,184,0.4694584343565831,0.5305415656434169
U58,29,32,0,0.4694584343565831,0.5305415656434169
W1854,4,15,12,0.917637457406581,0.08236254259341905
W1855,3,14,13,0.9168279128037,0.08317208719629998
W1856,12,7,4,0.6447594575406744,0.35524054245932557
W1857,3,14,13,0.9171983563179722,0.08280164368202786
W1858,4,15,12,0.9178812980319546,0.08211870196804533
W1859,3,14,13,0.9169512218729484,0.08304877812705158
W1860,4,15,182,0.91675224577828,0.08324775422172001
W1861,3,14,183,0.916862901931982,0.083137098068018
W1862,4,15,12,0.917637457406581,0.08236254259341905
W1863,3,14,13,0.9168279128037,0.08317208719629998
W1864,12,7,4,0.6447594575406744,0.35524054245932557
W1865,3,14,13,0.9171983563179722,0.08280164368202786
W1866,4,15,12,0.9178812980319546,0.08211870196804533
W1867,3,14,13,0.9169512218729484,0.08304877812705158
W1868,4,15,12,0.91675224577828,0.08324775422172001
W1869,3,14,13,0.916862901931982,0.083137098068018
U59,12,7,0,0.6447594575406744,0.35524054245932557
W1870,4,15,8,0.917637457406581,0.08236254259341905
W1871,3,14,9,0.9168279128037,0.08317208719629998
W1872,4,15,8,0.91675224577828,0.08324775422172001
W1873,3,14,9,0.916862901931982,0.083137098068018
W1874,4,15,8,0.9178812980319546,0.08211870196804533
W1875,3,14,9,0.9169512218729484,0.08304877812705158
W1876,3,14,9,0.9171983563179722,0.08280164368202786
W1877,4,15,8,0.917637457406581,0.08236254259341905
W1878,3,14,9,0.9168279128037,0.08317208719629998
W1879,4,15,8,0.91675224577828,0.08324775422172001
W1880,3,14,9,0.916862901931982,0.083137098068018
W1881,4,15,8,0.9178812980319546,0.08211870196804533
W1882,3,14,9,0.9169512218729484,0.08304877812705158
W1883,3,14,9,0.9171983563179722,0.08280164368202786
W1884,2,31,12,0.8826353914108542,0.11736460858914577
U60,9,11,0,0.3294501703736762,0.6705498296263238
U61,9,11,0,0.33299101688688004,0.66700898311312
U62,9,11,0,0.3284748078721813,0.6715251921278187
W1885,87,82,16,0.42901867619150247,0.5709813238084975
U63,12,7,0,0.6447594575406744,0.35524054245932557
U64,9,11,0,0.3326883487851999,0.6673116512148001
U65,9,11,0,0.332548392272072,0.667451607727928
U66,9,11,0,0.3321951125082063,0.6678048874917937
U67,9,11,0,0.33120657472811144,0.6687934252718886
U68,84,71,0,0.42868987653945034,0.5713101234605497
U69,85,71,0,0.4287548788077352,0.5712451211922648
W1886,4,90,31,0.7854906619042488,0.21450933809575123
W1887,3,26,26,0.893659096616749,0.10634090338325092
W1888,3,31,26,0.8980774185880391,0.10192258141196081
W1889,3,40,26,0.8816177126080652,0.11838228739193482
W1890,3,40,26,0.8812852432149167,0.1187147567850832
W1891,3,26,26,0.8930938536696795,0.1069061463303205
W1892,3,31,26,0.8976786610862908,0.10232133891370923
W1893,3,35,26,0.8912055568992024,0.10879444310079758
W1894,3,34,26,0.8826353914108542,0.11736460858914577
W1895,34,15,45,0.2911126076808628,0.7088873923191372
W1896,23,16,206,0.22079543088679499,0.779204569113205
W1897,26,9,223,0.4408126146111754,0.5591873853888246
W1898,22,16,196,0.3925056845961772,0.6074943154038228
W1899,30,8,220,0.23647382424494523,0.7635261757550548
W1900,31,24,213,0.25506969407900004,0.744930305921
U70,16,212,0,0.9955072946656308,0.004492705334369143
U71,14,216,0,0.994429289128753,0.005570710871247007
W1901,12,7,4,0.6441322828819362,0.35586771711806375
U72,4,11,0,0.8223797287703372,0.17762027122966279
W1902,12,7,4,0.6451063889929772,0.35489361100702277
W1903,12,7,4,0.6443901017261204,0.35560989827387957
W1904,12,7,174,0.6435354702567161,0.3564645297432839
W1905,12,7,4,0.6441322828819362,0.35586771711806375
U73,4,11,0,0.8223797287703372,0.17762027122966279
W1906,12,7,4,0.6451063889929772,0.35489361100702277
W1907,12,7,4,0.6443901017261204,0.35560989827387957
W1908,12,7,4,0.6435354702567161,0.3564645297432839
U74,12,7,0,0.6441322828819362,0.35586771711806375
U75,12,7,0,0.6435354702567161,0.3564645297432839
U76,12,7,0,0.6443901017261204,0.35560989827387957
U77,12,7,0,0.6451063889929772,0.35489361100702277
U78,12,7,0,0.6441322828819362,0.35586771711806375
U79,12,7,0,0.6435354702567161,0.3564645297432839
U80,12,7,0,0.6443901017261204,0.35560989827387957
U81,12,7,0,0.6451063889929772,0.35489361100702277
W1909,10,6,4,0.5608097736560912,0.4391902263439088
W1910,4,89,9,0.8572546690478756,0.14274533095212438
W1911,84,71,160,0.42868987653945034,0.5713101234605497
W1912,85,71,160,0.4287548788077352,0.5712451211922648
W1913,99,97,16,0.4289339663550895,0.5710660336449105
W1914,4,102,31,0.7855330168224552,0.21446698317754476
W1915,10,8,19,0.6743760776242267,0.3256239223757733
W1916,10,8,19,0.6777102468303142,0.3222897531696858
W1917,10,8,19,0.6652893673253153,0.3347106326746847
W1918,10,8,19,0.665038478137111,0.33496152186288897
W1919,10,8,19,0.6739495320622864,0.32605046793771364
W1920,10,8,19,0.6774093350833513,0.3225906649166487
W1921,10,8,19,0.6701448035277205,0.32985519647227945
W1922,10,8,19,0.66370044080699,0.33629955919301
W1923,27,24,195,0.5766256098582401,0.4233743901417599
W1924,21,26,211,0.49616648345706804,0.503833516542932
W1925,26,28,236,0.4270937136798312,0.5729062863201688
W1926,48,10,239,0.27316170695958264,0.7268382930404174
W1927,26,21,245,0.5084416289049069,0.49155837109509315
W1928,35,14,227,0.17076930210710195,0.829230697892898
W1929,26,23,186,0.5249750878045507,0.4750249121954493
W1930,24,25,204,0.5940199225974269,0.40598007740257314
W1931,34,32,203,0.5656288502672808,0.4343711497327192
W1932,31,25,240,0.44715490742114805,0.552845092578852
W1933,39,18,213,0.1938752658180407,0.8061247341819593
U82,4,11,0,0.8220661414409681,0.17793385855903188
U83,4,11,0,0.8225531944964886,0.17744680550351138
U84,4,11,0,0.8221950508630602,0.17780494913693978
U85,4,11,0,0.8217677351283581,0.17823226487164195
U86,4,11,0,0.8220661414409681,0.17793385855903188
U87,4,11,0,0.8225531944964886,0.17744680550351138
U88,4,11,0,0.8221950508630602,0.17780494913693978
U89,4,11,0,0.8217677351283581,0.17823226487164195
W1934,15,21,33,0.5604167648772864,0.43958323512271363
W1935,32,44,16,0.667206834666737,0.33279316533326303
U90,5,10,0,0.6706073302420684,0.3293926697579316
W1936,2,224,7,0.9467674255123445,0.0532325744876555
W1937,4,104,9,0.8572334915887724,0.14276650841122762
W1938,37,22,227,0.2064853953388296,0.7935146046611704
W1939,34,9,232,0.3264596159880194,0.6735403840119806
W1940,42,8,223,0.31314518657071977,0.6868548134292802
W1941,4,15,12,0.9184873830155715,0.08151261698442841
W1942,3,14,13,0.9185940194060567,0.08140598059394333
W1943,4,15,12,0.9193523337708378,0.08064766622916217
W1944,3,14,13,0.9194275617075786,0.08057243829242144
W1945,4,15,12,0.9175362008819301,0.08246379911806986
W1946,3,14,13,0.9163223418313289,0.08367765816867118
W1947,4,15,12,0.9159251102017475,0.0840748897982525
W1948,3,14,13,0.9162596195342778,0.08374038046572224
W1949,4,15,12,0.9184873830155715,0.08151261698442841
W1950,3,14,13,0.9185940194060567,0.08140598059394333
W1951,4,15,12,0.9193523337708378,0.08064766622916217
W1952,3,14,13,0.9194275617075786,0.08057243829242144
W1953,4,15,12,0.9175362008819301,0.08246379911806986
W1954,3,14,13,0.9163223418313289,0.08367765816867118
W1955,4,15,12,0.9159251102017475,0.0840748897982525
W1956,3,14,13,0.9162596195342778,0.08374038046572224
W1957,4,15,8,0.9159251102017475,0.0840748897982525
W1958,3,14,9,0.9162596195342778,0.08374038046572224
W1959,4,15,8,0.9159251102017475,0.0840748897982525
W1960,3,14,9,0.9162596195342778,0.08374038046572224
W1961,4,15,8,0.9175362008819301,0.08246379911806986
W1962,3,14,9,0.9163223418313289,0.08367765816867118
W1963,4,15,8,0.9193523337708378,0.08064766622916217
W1964,3,14,9,0.9194275617075786,0.08057243829242144
W1965,4,15,8,0.9184873830155715,0.08151261698442841
W1966,3,14,9,0.9185940194060567,0.08140598059394333
W1967,4,15,8,0.9175362008819301,0.08246379911806986
W1968,3,14,9,0.9163223418313289,0.08367765816867118
W1969,4,15,8,0.9193523337708378,0.08064766622916217
W1970,3,14,9,0.9194275617075786,0.08057243829242144
W1971,4,15,8,0.9184873830155715,0.08151261698442841
W1972,3,14,9,0.9185940194060567,0.08140598059394333
U91,48,22,0,0.3739138957879473,0.6260861042120527
U92,9,11,0,0.33629955919301,0.66370044080699
U93,9,11,0,0.32985519647227945,0.6701448035277205
U94,9,11,0,0.3225906649166487,0.6774093350833513
U95,9,11,0,0.32605046793771364,0.6739495320622864
U96,2,231,0,0.9983364820472608,0.0016635179527392343
U97,9,11,0,0.33496152186288897,0.665038478137111
U98,9,11,0,0.3347106326746847,0.6652893673253153
U99,9,11,0,0.3222897531696858,0.6777102468303142
U100,9,11,0,0.3256239223757733,0.6743760776242267
W1973,25,28,194,0.4233743901417599,0.5766256098582401
W1974,38,11,186,0.18563974723989274,0.8143602527601073
W1975,27,22,210,0.503833516542932,0.49616648345706804
W1976,40,11,202,0.22091918840603175,0.7790808115939682
W1977,33,38,216,0.5767568007545667,0.4232431992454333
W1978,24,35,217,0.5585203626933052,0.4414796373066948
W1979,24,27,185,0.4750249121954493,0.5249750878045507
W1980,37,11,177,0.2082872906013249,0.7917127093986751
W1981,26,25,203,0.40598007740257314,0.5940199225974269
W1982,39,11,195,0.17801274878296414,0.8219872512170359
W1983,33,35,202,0.4343711497327192,0.5656288502672808
W1984,41,9,193,0.24433377172465454,0.7556662282753455
W1985,27,40,204,0.5536906538972778,0.4463093461027222
W1986,12,7,4,0.6459708410931747,0.3540291589068253
W1987,12,7,4,0.6471658727322747,0.35283412726772534
W1988,12,7,4,0.6437060483601624,0.35629395163983757
W1989,12,7,4,0.6425317883870607,0.3574682116129393
W1990,12,7,4,0.6459708410931747,0.3540291589068253
W1991,12,7,4,0.6471658727322747,0.35283412726772534
W1992,12,7,4,0.6437060483601624,0.35629395163983757
W1993,12,7,4,0.6425317883870607,0.3574682116129393
U101,12,7,0,0.6425317883870607,0.3574682116129393
U102,12,7,0,0.6425317883870607,0.3574682116129393
U103,12,7,0,0.6437060483601624,0.35629395163983757
U104,12,7,0,0.6471658727322747,0.35283412726772534
U105,12,7,0,0.6459708410931747,0.3540291589068253
U106,12,7,0,0.6437060483601624,0.35629395163983757
U107,12,7,0,0.6471658727322747,0.35283412726772534
U108,12,7,0,0.6459708410931747,0.3540291589068253
W1994,38,13,184,0.3237887945981328,0.6762112054018672
W1995,32,13,200,0.2786091093630998,0.7213908906369002
W1996,37,13,175,0.2947858159058756,0.7052141840941244
W1997,35,13,193,0.3335561088803911,0.6664438911196089
W1998,43,8,194,0.24746262199193536,0.7525373780080646
U109,4,11,0,0.8229854205465874,0.17701457945341265
U110,4,11,0,0.8235829363661373,0.17641706363386267
U111,4,11,0,0.8218530241800812,0.17814697581991878
U112,4,11,0,0.8212658941935304,0.17873410580646965
U113,4,11,0,0.8229854205465874,0.17701457945341265
U114,4,11,0,0.8235829363661373,0.17641706363386267
U115,4,11,0,0.8218530241800812,0.17814697581991878
U116,4,11,0,0.8212658941935304,0.17873410580646965
W1999,25,39,172,0.5506795281502813,0.4493204718497187
W2000,25,33,188,0.5620218005538918,0.43797819944610816
W2001,39,34,215,0.4232431992454333,0.5767568007545667
W2002,52,11,207,0.1855822231066402,0.8144177768933598
W2003,36,25,216,0.4414796373066948,0.5585203626933052
W2004,49,11,208,0.19357847377998627,0.8064215262200137
W2005,25,38,163,0.5583270323955353,0.44167296760446473
W2006,25,36,181,0.5478083821517928,0.45219161784820716
W2007,18,42,184,0.5686670820755722,0.43133291792442785
W2008,41,28,203,0.4463093461027222,0.5536906538972778
W2009,49,9,194,0.2510490071827812,0.7489509928172188
W2010,44,13,205,0.3238624613612069,0.6761375386387931
W2011,35,13,206,0.31362227397329145,0.6863777260267085
W2012,36,8,195,0.242239661080059,0.757760338919941
W2013,40,26,171,0.4493204718497187,0.5506795281502813
W2014,53,11,163,0.19701649595754267,0.8029835040424573
W2015,34,26,187,0.43797819944610816,0.5620218005538918
W2016,47,11,179,0.19204317534306892,0.8079568246569311
W2017,25,45,193,0.550658431092354,0.449341568907646
W2018,25,36,194,0.5535097733858807,0.4464902266141193
W2019,39,26,162,0.44167296760446473,0.5583270323955353
W2020,52,11,154,0.19366324458437956,0.8063367554156204
W2021,37,26,180,0.45219161784820716,0.5478083821517928
W2022,50,11,172,0.1982754261853955,0.8017245738146045
W2023,43,19,183,0.43133291792442785,0.5686670820755722
W2024,56,11,175,0.1891293751445977,0.8108706248554023
W2025,18,37,185,0.567525358151602,0.432474641848398
W2026,36,13,161,0.309219461607824,0.690780538392176
W2027,36,13,177,0.31558841339696075,0.6844115866030392
W2028,36,13,152,0.31351371447991483,0.6864862855200852
W2029,36,13,170,0.30760724583718835,0.6923927541628117
W2030,29,13,173,0.31931989472016986,0.6806801052798301
W2031,25,37,149,0.5546853772424847,0.4453146227575153
W2032,25,37,165,0.5529750122702037,0.44702498772979626
W2033,46,26,192,0.449341568907646,0.550658431092354
W2034,59,11,184,0.19702574652298144,0.8029742534770186
W2035,37,26,193,0.4464902266141193,0.5535097733858807
W2036,50,11,185,0.19577549975560504,0.804224500244395
W2037,25,37,140,0.5535391241035867,0.44646087589641326
W2038,25,37,158,0.5551082857435004,0.44489171425649965
W2039,25,30,161,0.5519435022948969,0.44805649770510314
W2040,38,19,184,0.432474641848398,0.567525358151602
W2041,51,11,176,0.18962999432610417,0.8103700056738958
W2042,36,13,182,0.30920761511533557,0.6907923848846644
W2043,36,13,183,0.31080871064148574,0.6891912893585143
W2044,29,13,174,0.31867878997770616,0.6813212100222938
W2045,38,26,148,0.4453146227575153,0.5546853772424847
W2046,51,11,140,0.19526002501769957,0.8047399749823004
W2047,38,26,164,0.44702498772979626,0.5529750122702037
W2048,51,11,156,0.1960099799713657,0.8039900200286343
W2049,25,37,170,0.5546884995603727,0.4453115004396273
W2050,25,37,171,0.5542645202571413,0.44573547974285865
W2051,38,26,139,0.44646087589641326,0.5535391241035867
W2052,46,9,130,0.25113424269173246,0.7488657573082675
W2053,38,26,157,0.44489171425649965,0.5551082857435004
W2054,46,9,148,0.25025158926928104,0.749748410730719
W2055,31,26,160,0.44805649770510314,0.5519435022948969
W2056,44,11,152,0.19646227291952278,0.8035377270804772
W2057,25,30,162,0.5521222728315118,0.44787772716848817
W2058,36,13,138,0.31146883976018425,0.6885311602398158
W2059,36,13,154,0.31050842974156945,0.6894915702584306
W2060,34,8,131,0.2421733667953192,0.7578266332046808
W2061,34,8,149,0.2428598750127814,0.7571401249872186
W2062,36,13,150,0.30992921271441964,0.6900707872855804
W2063,25,37,126,0.5540885486659236,0.4459114513340764
W2064,25,37,142,0.5543443413816501,0.4456556586183499
W2065,38,26,169,0.4453115004396273,0.5546884995603727
W2066,51,11,161,0.195258655954485,0.804741344045515
W2067,38,26,170,0.44573547974285865,0.5542645202571413
W2068,51,11,162,0.19544456094193707,0.8045554390580629
W2069,18,35,121,0.5675104155831979,0.4324895844168021
W2070,18,35,139,0.567664605409625,0.43233539459037496
W2071,25,37,138,0.5544979119400907,0.4455020880599093
W2072,31,26,161,0.44787772716848817,0.5521222728315118
W2073,44,11,153,0.1963838862291516,0.8036161137708484
W2074,36,13,159,0.3114705930148577,0.6885294069851423
W2075,36,13,160,0.3112325186990784,0.6887674813009216
W2076,36,13,151,0.3100295965606634,0.6899704034393366
W2077,38,26,125,0.4459114513340764,0.5540885486659236
W2078,51,11,117,0.19552172036035187,0.8044782796396481
W2079,38,26,141,0.4456556586183499,0.5543443413816501
W2080,51,11,133,0.1954095612496476,0.8045904387503524
W2081,36,19,120,0.4324895844168021,0.5675104155831979
W2082,44,9,111,0.2432753912344512,0.7567246087655488
W2083,36,19,138,0.43233539459037496,0.567664605409625
W2084,44,9,129,0.2431886594570859,0.7568113405429141
W2085,25,37,147,0.5540880803920848,0.4459119196079152
W2086,25,37,148,0.5541516233269791,0.4458483766730209
W2087,38,26,137,0.4455020880599093,0.5544979119400907
W2088,51,11,129,0.1953422241590813,0.8046577758409187
W2089,25,37,139,0.5544713342288241,0.4455286657711759
W2090,36,13,115,0.3111337065262755,0.6888662934737245
W2091,36,13,131,0.3112773401312976,0.6887226598687024
W2092,27,8,112,0.2482858068176491,0.7517141931823509
W2093,27,8,130,0.24835326486671094,0.7516467351332891
W2094,36,13,127,0.311363573599172,0.688636426400828
W2095,25,37,103,0.5541779706754829,0.4458220293245171
W2096,25,37,119,0.554139667081069,0.445860332918931
W2097,18,28,102,0.5688406287394246,0.43115937126057535
W2098,18,28,120,0.5688547732309291,0.43114522676907086
W2099,38,26,146,0.4459119196079152,0.5540880803920848
W2100,51,11,138,0.19552192568745497,0.804478074312545
W2101,38,26,147,0.4458483766730209,0.5541516233269791
W2102,51,11,139,0.19549406359979138,0.8045059364002086
W2103,25,37,115,0.5541166552307287,0.4458833447692713
W2104,38,26,138,0.4455286657711759,0.5544713342288241
W2105,51,11,130,0.19535387786255665,0.8046461221374434
W2106,36,13,136,0.31113344357953987,0.6888665564204601
W2107,36,13,137,0.31116912442677047,0.6888308755732295
W2108,36,13,128,0.31134864959138064,0.6886513504086194
W2109,3,56,89,0.8531421281539959,0.1468578718460041
W2110,3,48,89,0.9239342407118498,0.07606575928815015
W2111,2,66,90,0.8555224142088911,0.14447758579110898
W2112,2,50,90,0.9215541591459054,0.07844584085409459
W2113,38,26,114,0.4458833447692713,0.5541166552307287
W2114,50,11,105,0.1968156951520612,0.8031843048479388
W2115,3,51,88,0.8662575013126614,0.1337424986873385
W2116,3,39,88,0.9181672007193025,0.08183279928069752
W2117,2,59,89,0.8690569311736731,0.13094306882632692
W2118,2,41,89,0.9153676790179794,0.08463232098202052
W2119,25,37,124,0.5541780407674459,0.4458219592325541
W2120,25,37,125,0.5541685285744166,0.44583147142558344
W2121,25,37,116,0.5541206386110092,0.44587936138899076
W2122,36,12,104,0.3095261003827898,0.6904738996172102
W2123,11,49,81,0.6214621826212815,0.3785378173787185
W2124,11,40,80,0.6327214886877303,0.36727851131226974
W2125,38,26,123,0.4458219592325541,0.5541780407674459
W2126,51,11,115,0.19548248017130543,0.8045175198286946
W2127,38,26,124,0.44583147142558344,0.5541685285744166
W2128,51,11,116,0.19548665104500684,0.8045133489549932
W2129,24,37,92,0.5545777990796944,0.4454222009203056
W2130,38,26,115,0.44587936138899076,0.5541206386110092
W2131,50,11,106,0.19681393686310922,0.8031860631368908
W2132,36,13,113,0.31118395843875135,0.6888160415612486
W2133,36,13,114,0.3111786171194233,0.6888213828805767
W2134,50,12,80,0.3785378173787185,0.6214621826212815
W2135,36,12,105,0.30952832547411846,0.6904716745258815
W2136,2,39,90,0.7772888995398473,0.2227111004601528
W2137,41,12,79,0.36727851131226974,0.6327214886877303
W2138,25,37,101,0.5541645733750747,0.44583542662492526
W2139,25,37,102,0.5541659975730624,0.4458340024269376
W2140,24,37,93,0.5545772259699794,0.4454227740300206
W2141,38,26,101,0.4458340024269376,0.5541659975730624
W2142,2,39,99,0.7770822866875373,0.22291771331246263
W2143,38,25,92,0.4454227740300206,0.5545772259699794
W2144,3,29,98,0.7229170012134688,0.2770829987865312
W2145,3,28,89,0.7227113870150104,0.2772886129849897
W2146,6,30,95,0.5617659963882595,0.4382340036117405
W2147,6,29,86,0.561755538697814,0.438244461302186
W2148,43,7,49,0.2723458603834148,0.7276541396165852
W2149,31,7,94,0.4382340036117405,0.5617659963882595
W2150,42,7,49,0.27728668796427147,0.7227133120357285
W2151,30,7,85,0.438244461302186,0.561755538697814
W2152,57,12,44,0.21264967415039282,0.7873503258496072
W2153,48,12,44,0.20632073797435524,0.7936792620256448
W2154,20,44,36,0.572918723932934,0.42708127606706603
W2155,20,43,36,0.5736025681526266,0.42639743184737344
W2156,3,49,137,0.8934006420381566,0.10659935796184336
W2157,3,50,10,0.8932296809832335,0.10677031901676651
W2158,45,21,35,0.42708127606706603,0.572918723932934
W2159,44,21,35,0.42639743184737344,0.5736025681526266
U117,13,6,0,0.5026034158146615,0.4973965841853385
U118,13,6,0,0.5024948238318635,0.4975051761681365
W2160,3,24,32,0.713540638033533,0.286459361966467
W2161,3,24,32,0.7131987159236868,0.2868012840763133
W2162,8,25,27,0.5605097300199007,0.4394902699800993
W2163,8,25,27,0.560210931440157,0.439789068559843
W2164,4,29,23,0.7802548650099503,0.21974513499004966
W2165,4,29,23,0.7801054657200786,0.2198945342799215
W2166,4,29,18,0.7802548650099503,0.21974513499004966
W2167,4,29,23,0.7801054657200786,0.2198945342799215
W2168,7,5,20,0.5851911487574628,0.4148088512425372
W2169,7,5,20,0.585079099290059,0.41492090070994103
W2170,7,5,15,0.5851911487574628,0.4148088512425372
W2189,7,5,20,0.585079099290059,0.41492090070994103
W2171,10,10,15,0.5850824338057378,0.41491756619426223
W2172,4,17,8,0.8962706084514345,0.10372939154856556
W2173,3,11,9,0.8962977871893657,0.1037022128106343
W2174,4,17,8,0.8962706084514345,0.10372939154856556
W2175,3,11,9,0.8962977871893657,0.1037022128106343
W2176,4,12,13,0.8962697748225148,0.10373022517748526
W2177,3,11,14,0.8962977871893657,0.1037022128106343
W2178,4,12,13,0.8962697748225148,0.10373022517748526
W2179,3,11,14,0.8962977871893657,0.1037022128106343
W2180,12,7,5,0.6150454090470067,0.38495459095299334
W2181,12,7,5,0.6150454090470067,0.38495459095299334
U119,12,7,0,0.6150459811065074,0.38495401889349257
U120,12,7,0,0.6150459811065074,0.38495401889349257
W2182,4,11,1,0.8075227045235034,0.19247729547649667
W2183,4,11,1,0.8075227045235034,0.19247729547649667
U121,12,5,0,0.1924772954764966,0.8075227045235034
U122,12,5,0,0.1924772954764966,0.8075227045235034
W2185,30,3,156,0.08522602158645631,0.9147739784135437
W2186,37,4,149,0.029690050520002842,0.9703099494799972
W2187,97,4,89,0.01815347078660523,0.9818465292133948
W2184,4,165,21,0.9999540650949531,4.593490504689601e-05
W2188,4,4,182,0.5,0.5
